epoch,loss,mTA,val_loss,val_mTA
0,0.5481464862823486,0.5017767548561096,0.24382174015045166,0.5298666954040527
0,0.33508026599884033,0.5050321221351624,0.15972910821437836,0.5645809769630432
1,0.27090099453926086,0.5070982575416565,0.13148581981658936,0.5893554091453552
2,0.2368401736021042,0.5098960995674133,0.12320245802402496,0.6042076945304871
3,0.21412594616413116,0.5127975940704346,0.10713408142328262,0.6109895706176758
4,0.19757428765296936,0.5155790448188782,0.10775991529226303,0.6150586605072021
5,0.18517576158046722,0.5183098912239075,0.10914859920740128,0.6166332364082336
6,0.1765049695968628,0.5203292965888977,0.11077159643173218,0.6195258498191833
7,0.16915126144886017,0.5222501754760742,0.10384626686573029,0.6215574741363525
8,0.16302041709423065,0.5230412483215332,0.10713192820549011,0.6231732964515686
9,0.15695562958717346,0.5254574418067932,0.09766651690006256,0.6239104866981506
10,0.15163876116275787,0.5263774394989014,0.10227961093187332,0.6256177425384521
11,0.14686237275600433,0.5298008322715759,0.09826422482728958,0.6269357800483704
12,0.14299288392066956,0.529944896697998,0.0998917892575264,0.628345251083374
13,0.13981828093528748,0.5312857031822205,0.10004112124443054,0.6289142966270447
14,0.1367628127336502,0.5342023372650146,0.09769464284181595,0.6300377249717712
15,0.13407202064990997,0.535548210144043,0.09501688927412033,0.6311906576156616
16,0.1321408897638321,0.536037266254425,0.10069587081670761,0.6315503716468811
17,0.13011330366134644,0.5375195741653442,0.09728417545557022,0.6322551369667053
18,0.12857535481452942,0.537337601184845,0.09362451732158661,0.6330011487007141
19,0.12658889591693878,0.5402050018310547,0.09601136296987534,0.6339918375015259
20,0.12507976591587067,0.5398726463317871,0.09580746293067932,0.6343073844909668
21,0.12386616319417953,0.5412538647651672,0.09349200129508972,0.6350622177124023
22,0.12225381284952164,0.5422862768173218,0.09300728142261505,0.635259747505188
23,0.12122336775064468,0.5428916215896606,0.09395308047533035,0.6358789801597595
24,0.12026406824588776,0.5440896153450012,0.09297987073659897,0.6360617876052856
25,0.11918602883815765,0.5446330308914185,0.09009994566440582,0.6361207962036133
26,0.11848822236061096,0.5455795526504517,0.08976120501756668,0.636710524559021
27,0.11740473657846451,0.5464401245117188,0.09153898060321808,0.6368491053581238
28,0.11652703583240509,0.5475509166717529,0.08750524371862411,0.6372648477554321
29,0.11580321937799454,0.5484670996665955,0.08875884860754013,0.6376334428787231
30,0.11495506018400192,0.5483798980712891,0.08850418031215668,0.6377484202384949
31,0.11428116261959076,0.5494136214256287,0.08861900120973587,0.6374181509017944
32,0.11372315138578415,0.5506861805915833,0.08667925745248795,0.6379931569099426
33,0.11303385347127914,0.5510905981063843,0.08798030763864517,0.6377336978912354
34,0.11241745948791504,0.5514557957649231,0.08761364966630936,0.638037383556366
35,0.1119367927312851,0.5521066188812256,0.08986867964267731,0.6382555961608887
36,0.1115245670080185,0.5522733926773071,0.08560200035572052,0.638193666934967
37,0.11085430532693863,0.5534208416938782,0.08651269227266312,0.6385032534599304
38,0.11029578000307083,0.5541310906410217,0.0859910175204277,0.6383853554725647
39,0.10957681387662888,0.5551104545593262,0.08655238896608353,0.6386625170707703
40,0.10945252329111099,0.5545708537101746,0.08758002519607544,0.6383440494537354
41,0.10911580175161362,0.5553063154220581,0.08584170043468475,0.638671338558197
42,0.10855478793382645,0.5561947226524353,0.08597490191459656,0.6390045285224915
43,0.10802242159843445,0.5554946064949036,0.08598754554986954,0.6392905712127686
44,0.10767392814159393,0.5568164587020874,0.08643122017383575,0.6392492651939392
45,0.10735847055912018,0.5587954521179199,0.08377847820520401,0.6387981176376343
46,0.10717812925577164,0.556994616985321,0.08789150416851044,0.6388689279556274
47,0.10659576952457428,0.5582457184791565,0.08545306324958801,0.6391106843948364
48,0.10601114481687546,0.5592352151870728,0.08579465001821518,0.6395824551582336
49,0.10573233664035797,0.5590683817863464,0.0858934298157692,0.6393347978591919
0,0.10666109621524811,0.5577781200408936,0.08645235002040863,0.6391873359680176
1,0.10643401741981506,0.5588876605033875,0.08664625138044357,0.6389396786689758
2,0.10645005106925964,0.5577326416969299,0.08671962469816208,0.6393229961395264
3,0.10628271847963333,0.5584592819213867,0.08585289120674133,0.6392610669136047
4,0.10630820691585541,0.5584327578544617,0.08698276430368423,0.6393613219261169
5,0.10614805668592453,0.5586526393890381,0.08745034039020538,0.6390075087547302
6,0.10609633475542068,0.5574420094490051,0.08670579642057419,0.6392728686332703
7,0.10603142529726028,0.5582684874534607,0.08603667467832565,0.6394733786582947
8,0.10609520226716995,0.5582027435302734,0.0868040919303894,0.6397092938423157
9,0.10598768293857574,0.5582292675971985,0.08680054545402527,0.6396915912628174
10,0.10593657195568085,0.5588826537132263,0.08611138164997101,0.6397417187690735
11,0.10599766671657562,0.5595865249633789,0.08650331199169159,0.6398802995681763
12,0.10569153726100922,0.5577086210250854,0.08629751950502396,0.6393436193466187
13,0.10574058443307877,0.558387279510498,0.08692602813243866,0.6397004127502441
14,0.10572297126054764,0.5595384836196899,0.08614996075630188,0.6396620869636536
15,0.10552030801773071,0.559639573097229,0.08679065853357315,0.6397741436958313
16,0.1056322455406189,0.558508574962616,0.08681859076023102,0.6396591663360596
17,0.10548042505979538,0.559029221534729,0.0864008441567421,0.6396561861038208
18,0.10535445064306259,0.5592731237411499,0.08637933433055878,0.6396060585975647
19,0.10526247322559357,0.5593034625053406,0.0860501378774643,0.6396827101707458
20,0.10525832325220108,0.5595890283584595,0.08619941771030426,0.6396207809448242
21,0.10529544949531555,0.5594563484191895,0.08689342439174652,0.6400099992752075
22,0.10511381179094315,0.5591201782226562,0.08629114180803299,0.6400719285011292
23,0.1050158366560936,0.5598759055137634,0.0864892229437828,0.6397623419761658
24,0.10492590069770813,0.5598228573799133,0.08606971800327301,0.6395235061645508
25,0.10487358272075653,0.560208261013031,0.08705314248800278,0.639886200428009
26,0.10495162755250931,0.560102105140686,0.08658363670110703,0.6398094892501831
27,0.10480990260839462,0.5600338578224182,0.0861743688583374,0.6395972371101379
28,0.10489608347415924,0.5599504709243774,0.08628024905920029,0.6397240161895752
29,0.10482607036828995,0.5602537393569946,0.08614534139633179,0.639886200428009
30,0.10476624220609665,0.5602196455001831,0.08657136559486389,0.6398684978485107
31,0.10456397384405136,0.5603472590446472,0.08623907715082169,0.6398389935493469
32,0.10456354171037674,0.560712456703186,0.08670470863580704,0.6401338577270508
33,0.1045372411608696,0.5607503652572632,0.08695663511753082,0.639968752861023
0,0.10708311945199966,0.559491753578186,0.08649348467588425,0.638671338558197
1,0.10619504004716873,0.5584112405776978,0.08553409576416016,0.6389839053153992
2,0.10593629628419876,0.5592326521873474,0.08398193120956421,0.639491081237793
3,0.10565641522407532,0.5595625042915344,0.08496100455522537,0.6397977471351624
4,0.10529833287000656,0.5604243278503418,0.08587092906236649,0.6395323276519775
5,0.10480964928865433,0.5616021156311035,0.08603889495134354,0.6399156451225281
6,0.10452230274677277,0.5605873465538025,0.08480652421712875,0.6395264267921448
7,0.10420931130647659,0.5612672567367554,0.08568115532398224,0.6396620869636536
8,0.1040983498096466,0.5611813068389893,0.08703254908323288,0.6392109394073486
9,0.10350088775157928,0.5626118183135986,0.08784888684749603,0.6400926113128662
10,0.10350044816732407,0.5630705952644348,0.08691046386957169,0.6396031379699707
11,0.10313612967729568,0.5618156790733337,0.08690625429153442,0.6401515603065491
12,0.10277945548295975,0.5635153651237488,0.08637896180152893,0.6399156451225281
13,0.1025654748082161,0.5640625953674316,0.08581060916185379,0.6400601267814636
14,0.10246492177248001,0.5641586184501648,0.08455860614776611,0.6406999826431274
15,0.10227879136800766,0.5644379258155823,0.08524055033922195,0.6409093737602234
16,0.10173116624355316,0.5646603107452393,0.0851447656750679,0.6408002376556396
17,0.10163181275129318,0.5649017095565796,0.0853683352470398,0.6407206654548645
18,0.10118318349123001,0.5660895705223083,0.0858381912112236,0.6411128044128418
19,0.10103257745504379,0.5657445788383484,0.0852145403623581,0.640950620174408
20,0.1008271798491478,0.566826343536377,0.08433383703231812,0.640974223613739
21,0.10039298236370087,0.5666570067405701,0.08420171588659286,0.6404435038566589
22,0.10025113821029663,0.566969096660614,0.08397458493709564,0.6408710479736328
23,0.10023138672113419,0.5679396390914917,0.08496065437793732,0.6403048634529114
24,0.10006009787321091,0.5676628947257996,0.08685542643070221,0.6409948468208313
25,0.09988126158714294,0.5678157806396484,0.08627390116453171,0.6407471895217896
26,0.09960246086120605,0.5679851174354553,0.08391086757183075,0.6413339376449585
27,0.09944438934326172,0.5692349672317505,0.08509908616542816,0.6410361528396606
28,0.09909436851739883,0.5695710778236389,0.08456022292375565,0.6415344476699829
29,0.09897536039352417,0.5693132877349854,0.08549973368644714,0.6410538554191589
30,0.09869150072336197,0.5703027844429016,0.0850774496793747,0.6409447193145752
31,0.09861700981855392,0.5698592066764832,0.08668766170740128,0.6413634419441223
32,0.09854093939065933,0.570686936378479,0.08599749207496643,0.6412071585655212
33,0.09806336462497711,0.5717813372612,0.0849594995379448,0.6410656571388245
34,0.09796742349863052,0.5718748569488525,0.08214358240365982,0.6411305069923401
35,0.09777820855379105,0.571956992149353,0.08563513308763504,0.6406469345092773
36,0.0977361872792244,0.5723108053207397,0.08427876234054565,0.6411924362182617
37,0.09756756573915482,0.5726141333580017,0.08396866172552109,0.6419177651405334
38,0.09740441292524338,0.5727303624153137,0.08518911153078079,0.6415993571281433
39,0.09715980291366577,0.5727897882461548,0.08374075591564178,0.6415315270423889
40,0.09715171903371811,0.5726242065429688,0.08249235898256302,0.6414695978164673
41,0.0969747006893158,0.5737388134002686,0.08291658759117126,0.6413339376449585
42,0.09654465317726135,0.5740610361099243,0.08321621268987656,0.6417791843414307
43,0.09674769639968872,0.5742215514183044,0.08208709955215454,0.6418293118476868
44,0.09635421633720398,0.5748786926269531,0.0847831591963768,0.6415727734565735
45,0.09623797237873077,0.5747889876365662,0.08185244351625443,0.6418293118476868
46,0.09619415551424026,0.5746158361434937,0.08372119069099426,0.6418322920799255
47,0.09592799097299576,0.5754764080047607,0.08401182293891907,0.6415993571281433
48,0.09570439904928207,0.5759351253509521,0.08206639438867569,0.6418499946594238
49,0.0957995355129242,0.5763344764709473,0.0832924097776413,0.6418499946594238
50,0.09548361599445343,0.5754739046096802,0.0837186947464943,0.6418706178665161
51,0.09541874378919601,0.5768172144889832,0.08145402371883392,0.6416494846343994
52,0.09520411491394043,0.5771583914756775,0.0821998342871666,0.6419737935066223
53,0.09496693313121796,0.5772519111633301,0.08152897655963898,0.6424485445022583
54,0.09523311257362366,0.578080952167511,0.08199208229780197,0.6420740485191345
55,0.09468866139650345,0.5772911310195923,0.08234065026044846,0.6417791843414307
56,0.0945514366030693,0.5767654180526733,0.08389560878276825,0.641711413860321
57,0.09462869167327881,0.5790855884552002,0.08415894210338593,0.6419148445129395
58,0.09439660608768463,0.578674852848053,0.08221331238746643,0.6418942213058472
59,0.09419470280408859,0.5793408751487732,0.08171843737363815,0.6417526602745056
60,0.09419602900743484,0.579508900642395,0.08243107050657272,0.6417998671531677
61,0.0940973162651062,0.5793876051902771,0.081032395362854,0.6419973969459534
62,0.09392868727445602,0.5798033475875854,0.08163288235664368,0.6419973969459534
63,0.09369394928216934,0.5802204012870789,0.08180683106184006,0.6423423886299133
64,0.09373608231544495,0.5799992680549622,0.08126819133758545,0.6421035528182983
65,0.09364642947912216,0.5800839066505432,0.08245711773633957,0.6423689126968384
66,0.09324904531240463,0.5809255242347717,0.08289159089326859,0.6423659920692444
67,0.09318970888853073,0.5808143615722656,0.08132022619247437,0.6420770287513733
68,0.09319904446601868,0.5804832577705383,0.08197445422410965,0.6425015926361084
69,0.09313030540943146,0.5813248753547668,0.08218681067228317,0.6423364877700806
70,0.09292005747556686,0.5816332101821899,0.08108670264482498,0.6427493095397949
71,0.09280107915401459,0.5813754200935364,0.08098460733890533,0.6425487995147705
72,0.09266109764575958,0.5826239585876465,0.08332772552967072,0.6425783038139343
73,0.09254521876573563,0.5825014114379883,0.08174155652523041,0.6428642868995667
74,0.09248600155115128,0.5832293033599854,0.08343915641307831,0.6422863602638245
75,0.09230774641036987,0.584231436252594,0.08248215913772583,0.6422686576843262
76,0.09213773906230927,0.5834479331970215,0.08094438165426254,0.6425104737281799
77,0.09222817420959473,0.5835034847259521,0.08103961497545242,0.6427345871925354
78,0.09192334860563278,0.5836475491523743,0.08290485292673111,0.642879068851471
79,0.0918683186173439,0.5840014219284058,0.08205316960811615,0.642168402671814
80,0.09157633036375046,0.5844664573669434,0.08159539848566055,0.6427286863327026
81,0.09144264459609985,0.5840784907341003,0.08091900497674942,0.6426313519477844
82,0.09147802740335464,0.5847268104553223,0.08174313604831696,0.6423659920692444
83,0.09137566387653351,0.5853422284126282,0.08109942823648453,0.6425753235816956
84,0.09122805297374725,0.5851918458938599,0.0802539587020874,0.6427699327468872
85,0.09120455384254456,0.5856947898864746,0.0808139517903328,0.6428524851799011
86,0.09118027240037918,0.5853978395462036,0.08036193996667862,0.642879068851471
87,0.09110640734434128,0.5855835676193237,0.08091144263744354,0.6428908705711365
88,0.09078196436166763,0.5853371620178223,0.08117002993822098,0.6427463293075562
89,0.09052427113056183,0.5866388082504272,0.08054732531309128,0.6427788138389587
90,0.0906255692243576,0.5860397815704346,0.07918576151132584,0.6426903605461121
91,0.09041926264762878,0.58729088306427,0.08071833103895187,0.6425812244415283
92,0.09025757014751434,0.5859652161598206,0.08013496547937393,0.6429940462112427
93,0.09019521623849869,0.5867436528205872,0.08138763904571533,0.6420681476593018
94,0.09010639786720276,0.586662769317627,0.08139940351247787,0.6427316069602966
95,0.0898953452706337,0.5870886445045471,0.08054648339748383,0.6426490545272827
96,0.08984243869781494,0.5873818397521973,0.07996556907892227,0.6428436636924744
97,0.0897987112402916,0.5863089561462402,0.07955476641654968,0.6428289413452148
98,0.08952196687459946,0.5878443717956543,0.08141069859266281,0.6428082585334778
99,0.08973638713359833,0.5875423550605774,0.08078264445066452,0.643011748790741
100,0.08925266563892365,0.5875941514968872,0.08230612426996231,0.6429616212844849
101,0.08936960250139236,0.5887706875801086,0.080335333943367,0.642799437046051
102,0.08912104368209839,0.5876661539077759,0.07993874698877335,0.6430943012237549
103,0.08890834450721741,0.5886884927749634,0.08015464246273041,0.6426077485084534
104,0.08877192437648773,0.589319109916687,0.08115958422422409,0.6429969668388367
105,0.08868478983640671,0.5890676379203796,0.08013436198234558,0.642932116985321
106,0.08868439495563507,0.5892104506492615,0.07872975617647171,0.6430795788764954
107,0.08825638890266418,0.5891030430793762,0.0800417959690094,0.6431945562362671
108,0.08824525028467178,0.5895162224769592,0.07927180826663971,0.642929196357727
109,0.08806296437978745,0.5891611576080322,0.08251750469207764,0.6432623863220215
110,0.08791334927082062,0.5903111100196838,0.08203407377004623,0.6430588960647583
111,0.08793558180332184,0.5896123051643372,0.08025725930929184,0.6429439187049866
112,0.08769229054450989,0.5905272364616394,0.08145061135292053,0.6426372528076172
113,0.08742949366569519,0.5902075171470642,0.08039107918739319,0.6427375078201294
114,0.08732906728982925,0.5901228189468384,0.08124005794525146,0.6426284313201904
115,0.08732597529888153,0.5903907418251038,0.08040197193622589,0.6432122588157654
116,0.0870380625128746,0.5903894901275635,0.08069514483213425,0.6429498195648193
117,0.08719785511493683,0.5906864404678345,0.08095472306013107,0.6427611112594604
118,0.08676349371671677,0.5913764238357544,0.07885187864303589,0.6425517201423645
119,0.08671846240758896,0.5914585590362549,0.07929188758134842,0.6431857347488403
120,0.08655962347984314,0.5911906957626343,0.07854564487934113,0.6426726579666138
121,0.08636640012264252,0.5917403697967529,0.07948795706033707,0.6428760886192322
122,0.08622335642576218,0.5912715196609497,0.07921211421489716,0.6429439187049866
123,0.08599824458360672,0.5924455523490906,0.08099410682916641,0.6428318619728088
124,0.08605790883302689,0.5922559499740601,0.08017314225435257,0.6429969668388367
125,0.0859694853425026,0.5917884111404419,0.07983336597681046,0.6426372528076172
126,0.08561952412128448,0.5924468040466309,0.07896962016820908,0.6424898505210876
127,0.08561502397060394,0.5922546982765198,0.07868925482034683,0.6429380178451538
128,0.08539135009050369,0.592962384223938,0.08254783600568771,0.643038272857666
129,0.08536773175001144,0.5936561822891235,0.07830863445997238,0.6429675221443176
130,0.08522944152355194,0.5930344462394714,0.07888291776180267,0.6430706977844238
131,0.08498303592205048,0.5935930013656616,0.07877893000841141,0.6425310969352722
132,0.08471997082233429,0.592962384223938,0.08031923323869705,0.6428996920585632
133,0.08481904864311218,0.5934716463088989,0.07934793084859848,0.6427227854728699
134,0.08456972241401672,0.5938950181007385,0.0790843516588211,0.6427227854728699
135,0.08437609672546387,0.593605637550354,0.07947574555873871,0.6427552103996277
136,0.0842883363366127,0.5940302014350891,0.07883741706609726,0.6430588960647583
137,0.08424991369247437,0.5935298204421997,0.07728707790374756,0.642932116985321
138,0.08401340991258621,0.594307005405426,0.07890284061431885,0.6430559754371643
139,0.08398415148258209,0.594083309173584,0.0786285325884819,0.6431297063827515
140,0.08378548175096512,0.5942400097846985,0.07767311483621597,0.6427021026611328
141,0.08377508819103241,0.5938369035720825,0.07904186099767685,0.6428082585334778
142,0.08364413678646088,0.5954051613807678,0.0777144655585289,0.6427817344665527
143,0.08346492797136307,0.5955669283866882,0.07812783867120743,0.6427198052406311
144,0.08343355357646942,0.5954734086990356,0.07777076214551926,0.6430618762969971
145,0.08312326669692993,0.5958486795425415,0.07732830196619034,0.6428819894790649
146,0.08329895883798599,0.5956945419311523,0.07700686901807785,0.6430235505104065
147,0.08312875777482986,0.5949059724807739,0.07710015773773193,0.6432328820228577
148,0.08291491866111755,0.5951005816459656,0.07912401854991913,0.643035352230072
149,0.08282849192619324,0.5964919328689575,0.07955852150917053,0.6431208252906799
150,0.08267918229103088,0.596393346786499,0.07690860331058502,0.6429144144058228
151,0.08256657421588898,0.5966119766235352,0.07660543918609619,0.6433449387550354
152,0.08259394764900208,0.5964540243148804,0.07615242898464203,0.6429616212844849
153,0.08230375498533249,0.5968495607376099,0.07791294157505035,0.6428348422050476
154,0.08231538534164429,0.5966069102287292,0.0760575383901596,0.6432446837425232
155,0.08224385231733322,0.5973765254020691,0.07685886323451996,0.6432358026504517
156,0.0820794478058815,0.5975117683410645,0.07745787501335144,0.6429557204246521
157,0.08185989409685135,0.5975168347358704,0.07653961330652237,0.643144428730011
158,0.08178965002298355,0.5971376895904541,0.0776146724820137,0.6435189247131348
159,0.08179158717393875,0.5965033173561096,0.07711818069219589,0.6431385278701782
160,0.08158969134092331,0.5978883504867554,0.07600735872983932,0.6434304714202881
161,0.08154934644699097,0.5973133444786072,0.07552555948495865,0.6431326270103455
162,0.08140295743942261,0.5984734296798706,0.07710237056016922,0.64325350522995
163,0.08130583167076111,0.5978062152862549,0.07812909781932831,0.6429350972175598
164,0.08133705705404282,0.5983647704124451,0.07807398587465286,0.6433302164077759
165,0.08117048442363739,0.5983192920684814,0.07701700180768967,0.6430028676986694
166,0.08108561486005783,0.5986213088035583,0.07722795009613037,0.6436073780059814
167,0.08080913871526718,0.5991583466529846,0.07783089578151703,0.6429822444915771
168,0.0808817520737648,0.5989953279495239,0.07673296332359314,0.643170952796936
169,0.08065033704042435,0.5990635752677917,0.07633566111326218,0.6433567404747009
170,0.08076956123113632,0.59969162940979,0.07737071812152863,0.6433537602424622
171,0.08049064874649048,0.5989207625389099,0.0762656182050705,0.6432712078094482
172,0.08043190836906433,0.5990914106369019,0.07630126923322678,0.6434186697006226
173,0.08041827380657196,0.599590539932251,0.07488135993480682,0.643619179725647
174,0.08028160035610199,0.5999507308006287,0.0769219920039177,0.6437842845916748
175,0.08024061471223831,0.6000012755393982,0.07699943333864212,0.6435984969139099
176,0.08019575476646423,0.6005661487579346,0.07559099793434143,0.6431739330291748
177,0.07997267693281174,0.5997914671897888,0.07770934700965881,0.6429793238639832
178,0.07993744313716888,0.6000404357910156,0.0762438252568245,0.6434009671211243
179,0.07976654171943665,0.5997573733329773,0.07587650418281555,0.6437931060791016
180,0.07980179041624069,0.6004903316497803,0.07562387734651566,0.6432623863220215
181,0.07975462824106216,0.6013509035110474,0.07713574171066284,0.6434304714202881
182,0.07966060936450958,0.6009212732315063,0.07648000866174698,0.6437990069389343
183,0.07945399731397629,0.6008542776107788,0.07690946757793427,0.6434982419013977
184,0.07957224547863007,0.6003550887107849,0.07608228176832199,0.6432151794433594
185,0.07931738346815109,0.6006432175636292,0.07817184180021286,0.6428849697113037
186,0.07931400835514069,0.601396381855011,0.07484735548496246,0.6433685421943665
187,0.07928796857595444,0.6009907722473145,0.07801207900047302,0.6431090235710144
188,0.07915157079696655,0.6016504168510437,0.07642853260040283,0.6433066129684448
189,0.07906584441661835,0.6016099452972412,0.07660689204931259,0.6434333920478821
190,0.07906243205070496,0.601875364780426,0.0753600224852562,0.6438226103782654
191,0.07872558385133743,0.6018348932266235,0.07535599172115326,0.6433302164077759
192,0.07892418652772903,0.6021053194999695,0.0751684159040451,0.6435071229934692
193,0.07881086319684982,0.6026436686515808,0.07599082589149475,0.64304119348526
194,0.07873949408531189,0.6019347310066223,0.07604602724313736,0.6430205702781677
195,0.07863116264343262,0.6021217703819275,0.07604846358299255,0.6434186697006226
196,0.07858513295650482,0.6015594005584717,0.07674813270568848,0.6432122588157654
197,0.0786048099398613,0.6025804877281189,0.07589081674814224,0.6431031227111816
198,0.07827804237604141,0.6027296185493469,0.07873063534498215,0.6433243155479431
199,0.07834164053201675,0.6023568511009216,0.07548004388809204,0.6431061029434204
200,0.07830415666103363,0.6027915477752686,0.07669838517904282,0.6427611112594604
201,0.07810375839471817,0.603276789188385,0.07412386685609818,0.6431532502174377
202,0.07803092151880264,0.602368175983429,0.07670444995164871,0.6432653069496155
203,0.07805744558572769,0.6039212942123413,0.07629231363534927,0.6430235505104065
204,0.0779787078499794,0.6031959056854248,0.07661746442317963,0.64325350522995
205,0.0779537484049797,0.6032490134239197,0.07356363534927368,0.6430854797363281
206,0.07774797827005386,0.6033450365066528,0.07778117060661316,0.6424662470817566
207,0.07769231498241425,0.6038808822631836,0.07517263293266296,0.6428554654121399
208,0.07762938737869263,0.6035699844360352,0.07503509521484375,0.6429969668388367
209,0.07749049365520477,0.6036192774772644,0.07647502422332764,0.6434304714202881
210,0.07741263508796692,0.603144109249115,0.07388606667518616,0.6435866951942444
211,0.07737111300230026,0.6038126349449158,0.07455518841743469,0.6431532502174377
212,0.07751219719648361,0.6042144894599915,0.07534340769052505,0.6434215903282166
213,0.07714609801769257,0.6032730340957642,0.07521958649158478,0.6436604261398315
214,0.07718867063522339,0.6041310429573059,0.07594259828329086,0.6431503295898438
215,0.07705529779195786,0.6045278906822205,0.07544413208961487,0.6433007121086121
216,0.07702361792325974,0.6042523980140686,0.07643911987543106,0.6434540152549744
217,0.07701007276773453,0.6039541363716125,0.07445191591978073,0.6434481143951416
218,0.0768192708492279,0.6046807765960693,0.07580504566431046,0.6434274911880493
219,0.07681962847709656,0.6039453148841858,0.07678481936454773,0.6431532502174377
220,0.07674019038677216,0.6046074628829956,0.07389020174741745,0.643406867980957
221,0.07659631967544556,0.6048223376274109,0.07487856596708298,0.6431621313095093
222,0.0764622911810875,0.6050055623054504,0.07441242784261703,0.6436752080917358
223,0.0764143168926239,0.6050927639007568,0.07484865933656693,0.6434717178344727
224,0.07640823721885681,0.6049992442131042,0.07528026401996613,0.6433302164077759
225,0.07636402547359467,0.605337917804718,0.0742446556687355,0.6432653069496155
226,0.07649698108434677,0.6049411296844482,0.0748884305357933,0.6431827545166016
227,0.07608520239591599,0.6053581237792969,0.0747227743268013,0.6436427235603333
228,0.07618698477745056,0.605279803276062,0.07363052666187286,0.6436102986335754
229,0.07603158056735992,0.6055173873901367,0.07458004355430603,0.6433979868888855
230,0.07592052966356277,0.6048829555511475,0.07437442988157272,0.6435807943344116
231,0.07584115117788315,0.6051748991012573,0.0753997415304184,0.6432977318763733
232,0.07584459334611893,0.6056159138679504,0.07468520849943161,0.6436398029327393
233,0.07560450583696365,0.6065194606781006,0.07606614381074905,0.6436280012130737
234,0.0757114365696907,0.6057157516479492,0.07497353851795197,0.643542468547821
235,0.0756339430809021,0.6062907576560974,0.07515385746955872,0.6431886553764343
0,0.07826254516839981,0.6035661697387695,0.07844419032335281,0.6422598361968994
1,0.07819338142871857,0.6037645936012268,0.07834998518228531,0.6429675221443176
2,0.07798229902982712,0.6030240654945374,0.07677822560071945,0.6429409980773926
3,0.07793736457824707,0.6033728718757629,0.07554464787244797,0.643147349357605
4,0.0777764618396759,0.6037330031394958,0.07638844847679138,0.6431621313095093
5,0.07763747870922089,0.6034499406814575,0.07538718730211258,0.6433626413345337
6,0.07761397957801819,0.6036925911903381,0.07520638406276703,0.643489420413971
7,0.07746029645204544,0.6043357849121094,0.07711149007081985,0.6428996920585632
8,0.07748086005449295,0.6043598055839539,0.07674474269151688,0.6431798338890076
9,0.07736580818891525,0.6045923233032227,0.07788609713315964,0.6429586410522461
10,0.07724872976541519,0.6048476099967957,0.07632241398096085,0.6432564854621887
11,0.07724859565496445,0.605231761932373,0.0776551142334938,0.6431326270103455
12,0.07703854143619537,0.6045935750007629,0.07572350651025772,0.6430205702781677
13,0.07699701935052872,0.6042435169219971,0.07433021813631058,0.6431031227111816
14,0.0769837498664856,0.6042637825012207,0.0768309161067009,0.6433007121086121
15,0.07679059356451035,0.6047237515449524,0.07636125385761261,0.6432948112487793
16,0.07669521868228912,0.6055237054824829,0.0750633105635643,0.6431591510772705
17,0.07665695250034332,0.6049158573150635,0.07547207176685333,0.6431356072425842
18,0.07649441063404083,0.6040931344032288,0.07399608939886093,0.6429852247238159
19,0.07648788392543793,0.6053328514099121,0.07651033997535706,0.6431179046630859
20,0.07643890380859375,0.6061062812805176,0.07532388716936111,0.6431208252906799
21,0.07647241652011871,0.6048829555511475,0.07541120052337646,0.6433390378952026
22,0.07625877112150192,0.6057435870170593,0.07593630999326706,0.6431002020835876
23,0.07617653161287308,0.6051079034805298,0.07563070952892303,0.6428760886192322
24,0.07592003047466278,0.605608344078064,0.07539329677820206,0.6432977318763733
25,0.07596001774072647,0.6050447225570679,0.0747208446264267,0.643383264541626
26,0.07588046789169312,0.6063804626464844,0.07623380422592163,0.6431886553764343
27,0.0757046490907669,0.6062591671943665,0.07498524338006973,0.6428554654121399
28,0.0756661593914032,0.6054857969284058,0.0765041708946228,0.64290851354599
29,0.07556333392858505,0.6054933667182922,0.07585301250219345,0.6433773636817932
30,0.07553660124540329,0.6057966351509094,0.07607472687959671,0.6429468393325806
31,0.07534459978342056,0.6063072085380554,0.07466890662908554,0.6428436636924744
32,0.0753568634390831,0.6068227887153625,0.07574299722909927,0.6430913209915161
33,0.07525265216827393,0.6062111258506775,0.07220932841300964,0.6433537602424622
34,0.07529142498970032,0.6062970757484436,0.07602334767580032,0.6434186697006226
35,0.07513270527124405,0.6061201691627502,0.07590213418006897,0.6432210803031921
36,0.07497791945934296,0.6067848801612854,0.0761418491601944,0.6435896754264832
37,0.07491334527730942,0.6066572070121765,0.0753290206193924,0.6431297063827515
38,0.0748671442270279,0.6063728928565979,0.07307779788970947,0.6438491344451904
39,0.0749596431851387,0.6068366765975952,0.07342840731143951,0.643380343914032
40,0.07458187639713287,0.6070780754089355,0.07448109239339828,0.643250584602356
41,0.07467256486415863,0.6071374416351318,0.07543100416660309,0.6428908705711365
42,0.07454460859298706,0.6070995330810547,0.07402374595403671,0.643250584602356
43,0.07446008920669556,0.606399416923523,0.07534962892532349,0.643380343914032
44,0.07453051209449768,0.6072435975074768,0.07287608087062836,0.6436014771461487
45,0.07439525425434113,0.6072916388511658,0.07489344477653503,0.6436339020729065
46,0.07425875216722488,0.6075822710990906,0.07506408542394638,0.6431945562362671
47,0.07427038997411728,0.6073219180107117,0.07378597557544708,0.6435248255729675
48,0.07409173995256424,0.6073775291442871,0.07372817397117615,0.6433537602424622
49,0.07395386695861816,0.6074685454368591,0.07460395246744156,0.6439759135246277
50,0.07385970652103424,0.6075747013092041,0.07347555458545685,0.6433596611022949
51,0.07374455779790878,0.6074457764625549,0.07269874960184097,0.6433302164077759
52,0.07380296289920807,0.6078160405158997,0.07500316947698593,0.6434599161148071
53,0.07360494136810303,0.6078526973724365,0.07444320619106293,0.6435955762863159
54,0.07373525202274323,0.6084352731704712,0.07441382110118866,0.6431149244308472
55,0.0733775943517685,0.6083114147186279,0.07260766625404358,0.6435837745666504
56,0.0734219178557396,0.6080359220504761,0.07466872036457062,0.6434687972068787
57,0.07346238940954208,0.608503520488739,0.07262464612722397,0.6440673470497131
58,0.07320215553045273,0.60853511095047,0.07233989983797073,0.6439552903175354
59,0.07305265218019485,0.6088232398033142,0.07360921055078506,0.6440496444702148
60,0.07307480275630951,0.6090229153633118,0.07215104252099991,0.6438462138175964
61,0.07298462837934494,0.6089015603065491,0.07221992313861847,0.6436781287193298
62,0.0728386789560318,0.6087638139724731,0.07153207808732986,0.6433331370353699
63,0.07285673916339874,0.6088434457778931,0.07152809947729111,0.643645703792572
64,0.07264097779989243,0.6090026497840881,0.07337953895330429,0.6439051628112793
65,0.07274521142244339,0.6089584231376648,0.07450453191995621,0.6441321969032288
66,0.07278381288051605,0.6092642545700073,0.07444852590560913,0.6437665820121765
67,0.07261379808187485,0.6091417074203491,0.07297143340110779,0.6440113186836243
68,0.0725017711520195,0.6092743873596191,0.07250967621803284,0.6441086530685425
69,0.07224951684474945,0.6089281439781189,0.07276850193738937,0.6440791487693787
70,0.07231688499450684,0.6096408367156982,0.07340764999389648,0.6439022421836853
71,0.07217526435852051,0.6097015142440796,0.073581762611866,0.6436840295791626
72,0.07211596518754959,0.6092263460159302,0.07100629061460495,0.6436899304389954
73,0.07201928645372391,0.6093274354934692,0.07171371579170227,0.6437076330184937
74,0.07196107506752014,0.6096092462539673,0.07296533137559891,0.6440349221229553
75,0.07201169431209564,0.6094197034835815,0.0746636614203453,0.6435572504997253
76,0.071860671043396,0.6097065806388855,0.07273748517036438,0.6442265510559082
77,0.07164885103702545,0.6098026037216187,0.0721612274646759,0.6442825794219971
78,0.07170221954584122,0.6101652979850769,0.07245660573244095,0.6439700126647949
79,0.07143284380435944,0.60973060131073,0.07219788432121277,0.6440791487693787
80,0.07141292840242386,0.6105949282646179,0.0731574222445488,0.6442177295684814
81,0.0713052824139595,0.6110587120056152,0.07314621657133102,0.6441676020622253
82,0.07126498222351074,0.6107642650604248,0.07152565568685532,0.6446423530578613
83,0.07127489149570465,0.6098101735115051,0.07249410450458527,0.6442413330078125
84,0.07114594429731369,0.610218346118927,0.07331086695194244,0.6439759135246277
85,0.07109891623258591,0.6109728217124939,0.07188055664300919,0.6438491344451904
86,0.0708034336566925,0.6110827326774597,0.07182051241397858,0.644388735294342
87,0.07084523886442184,0.6107491254806519,0.07303498685359955,0.6441380977630615
88,0.07070327550172806,0.6102638840675354,0.07110622525215149,0.6441676020622253
89,0.07063470035791397,0.6115996241569519,0.07417093962430954,0.6443976163864136
90,0.07072680443525314,0.6119648218154907,0.0727514699101448,0.6445568203926086
91,0.07059277594089508,0.6111307740211487,0.0737156793475151,0.6442796587944031
92,0.07059971988201141,0.6108426451683044,0.07305347174406052,0.6443209052085876
93,0.0702737346291542,0.6108110547065735,0.07059741020202637,0.6445951461791992
94,0.07038871198892593,0.6111257076263428,0.07314885407686234,0.6440526247024536
95,0.07009422779083252,0.6108982563018799,0.07164911925792694,0.6442590355873108
96,0.0700158029794693,0.6113645434379578,0.07111851871013641,0.644601047039032
97,0.06993281841278076,0.6107099652290344,0.07192345708608627,0.6445745229721069
98,0.06994437426328659,0.611918032169342,0.07112178206443787,0.6448280811309814
99,0.06982067972421646,0.6113039255142212,0.07159695029258728,0.6439464688301086
100,0.06977632641792297,0.6117992997169495,0.0720614492893219,0.6447426080703735
101,0.06963237375020981,0.6118321418762207,0.07316838949918747,0.6441646814346313
102,0.06954731792211533,0.6119408011436462,0.07056666910648346,0.6441528797149658
103,0.06940753757953644,0.6119610071182251,0.07074465602636337,0.6445273160934448
104,0.06935638934373856,0.6120873689651489,0.07085980474948883,0.6444594860076904
105,0.06910911947488785,0.6123426556587219,0.07052706927061081,0.6441439986228943
106,0.06912710517644882,0.612460196018219,0.07037442177534103,0.6441971063613892
107,0.06917434185743332,0.6123085618019104,0.07190094888210297,0.6445184946060181
108,0.06914668530225754,0.6123199462890625,0.07043397426605225,0.6445922255516052
109,0.06898914277553558,0.6125158071517944,0.07144251465797424,0.6445155143737793
110,0.06893953680992126,0.6119294166564941,0.07108312100172043,0.6442973613739014
111,0.06867425888776779,0.6125221252441406,0.07145190984010696,0.6445863246917725
112,0.06858517974615097,0.6128140091896057,0.07057173550128937,0.6446452736854553
113,0.06866681575775146,0.6130326390266418,0.07072530686855316,0.6448782086372375
114,0.06865174323320389,0.613103449344635,0.0711701512336731,0.6450492143630981
115,0.06841868907213211,0.6129934787750244,0.07201376557350159,0.6447986364364624
116,0.06829358637332916,0.6124589443206787,0.07083283364772797,0.6447514295578003
117,0.06821563094854355,0.6127976179122925,0.07171817123889923,0.6447632312774658
118,0.0681895762681961,0.6126472353935242,0.07296211272478104,0.6448811888694763
119,0.0681043416261673,0.6121076345443726,0.07074940949678421,0.644972562789917
120,0.06808149069547653,0.6129113435745239,0.06986434757709503,0.6446128487586975
121,0.06791042536497116,0.6126396656036377,0.07278653234243393,0.6445125937461853
122,0.06772266328334808,0.6139248609542847,0.07081848382949829,0.6447838544845581
123,0.06776361912488937,0.6128115057945251,0.0691017434000969,0.6449047327041626
124,0.0678088366985321,0.6133953332901001,0.07110051065683365,0.6446924805641174
125,0.06765268743038177,0.6142647862434387,0.07079405337572098,0.6446069478988647
0,0.06780000030994415,0.6136253476142883,0.07111777365207672,0.644863486289978
1,0.06779081374406815,0.6141523122787476,0.0695023238658905,0.6446895003318787
2,0.06762143969535828,0.6134358048439026,0.0715288296341896,0.6450728178024292
3,0.0674903616309166,0.613921046257019,0.07228833436965942,0.6452792286872864
4,0.06746866554021835,0.6139501333236694,0.07165484875440598,0.6448339819908142
5,0.06743389368057251,0.6141889691352844,0.07043750584125519,0.6450079679489136
6,0.06739117950201035,0.6139311790466309,0.07007379084825516,0.644999086856842
7,0.06690423935651779,0.6138591170310974,0.06936996430158615,0.6448575854301453
8,0.06710326671600342,0.6138717532157898,0.07155102491378784,0.645102322101593
9,0.0670328140258789,0.614595890045166,0.06964381784200668,0.6448605060577393
10,0.06700398772954941,0.6146337985992432,0.06955959647893906,0.6452143788337708
11,0.06690055131912231,0.614844799041748,0.06963500380516052,0.6450020670890808
12,0.0666251853108406,0.6145427823066711,0.07074518501758575,0.6447661519050598
13,0.06664735823869705,0.6152188777923584,0.06995303183794022,0.6455475687980652
14,0.0666043683886528,0.6155398488044739,0.07096643000841141,0.6449755430221558
15,0.06649859249591827,0.6143355369567871,0.06953052431344986,0.6453558802604675
16,0.06639351695775986,0.6154501438140869,0.06882303208112717,0.6452733278274536
17,0.0663575679063797,0.6149977445602417,0.07197152823209763,0.6453057527542114
18,0.06629281491041183,0.6158633828163147,0.07109162956476212,0.645344078540802
19,0.06623991578817368,0.6147652268409729,0.06893938034772873,0.6451465487480164
20,0.06619225442409515,0.6153957843780518,0.0696071907877922,0.6453470587730408
21,0.06590477377176285,0.615254282951355,0.07107259333133698,0.6453912854194641
22,0.06590382754802704,0.6150128841400146,0.06994915753602982,0.6450551152229309
23,0.06593646854162216,0.6148435473442078,0.06823485344648361,0.6452822089195251
24,0.06579557806253433,0.6158924102783203,0.06991789489984512,0.6445509195327759
25,0.0657075047492981,0.6152125597000122,0.06899560987949371,0.6449902653694153
26,0.0656435415148735,0.6155803203582764,0.06836213916540146,0.6454944610595703
27,0.06563673913478851,0.6154513955116272,0.07067549973726273,0.6448192596435547
28,0.06552878022193909,0.6156851649284363,0.0684661939740181,0.6456419229507446
29,0.06536505371332169,0.6159543395042419,0.07005966454744339,0.6454207897186279
30,0.0652971938252449,0.6161249279975891,0.06927570700645447,0.6453352570533752
31,0.06543280184268951,0.6157572269439697,0.06833735853433609,0.6454089879989624
32,0.0651838406920433,0.6159278154373169,0.06807872653007507,0.6453706622123718
33,0.06506355851888657,0.6161590814590454,0.07046695053577423,0.6451995968818665
34,0.0651337131857872,0.6165786385536194,0.06960025429725647,0.6455681920051575
35,0.06509092450141907,0.6166367530822754,0.07000087946653366,0.6451377272605896
36,0.06514079868793488,0.616624116897583,0.06783537566661835,0.6454650163650513
37,0.06497541815042496,0.6166329383850098,0.06756584346294403,0.6457598805427551
38,0.06485595554113388,0.6160150170326233,0.06708893924951553,0.6453735828399658
39,0.06470809876918793,0.6166177988052368,0.06832005828619003,0.645341157913208
40,0.06476273387670517,0.616698682308197,0.06674428284168243,0.6456773281097412
41,0.06456806510686874,0.6170247197151184,0.07071023434400558,0.6456831693649292
42,0.06470191478729248,0.6167176365852356,0.06738324463367462,0.6448870897293091
43,0.06451106816530228,0.6161249279975891,0.06732575595378876,0.6459397077560425
44,0.06443022936582565,0.6169893145561218,0.0675874575972557,0.645473837852478
45,0.06450927257537842,0.6159796118736267,0.06784457713365555,0.6461844444274902
46,0.06433799862861633,0.6168680191040039,0.06924600154161453,0.6450197696685791
47,0.06422990560531616,0.6171548962593079,0.0696936771273613,0.6452969312667847
48,0.06437716633081436,0.6174025535583496,0.06654376536607742,0.6453971862792969
49,0.0640699490904808,0.6178600192070007,0.06771320849657059,0.6454532146453857
50,0.06413432955741882,0.6167719960212708,0.06813797354698181,0.6452438235282898
51,0.06410355120897293,0.6171536445617676,0.06868408620357513,0.6455947160720825
52,0.06396784633398056,0.6182758212089539,0.06730494648218155,0.6453234553337097
53,0.06391750276088715,0.6166089773178101,0.06807052344083786,0.6456507444381714
54,0.06400551646947861,0.6173899173736572,0.06821371614933014,0.6458306312561035
55,0.06375525146722794,0.617383599281311,0.06896751374006271,0.6457569003105164
56,0.06382623314857483,0.6176490187644958,0.0669415071606636,0.6455593705177307
57,0.06375593692064285,0.6177526116371155,0.06742867827415466,0.6459898352622986
58,0.06363771110773087,0.6177842020988464,0.06648416817188263,0.6455622911453247
59,0.06372750550508499,0.6180925369262695,0.06708832830190659,0.6452025771141052
60,0.06356170028448105,0.6180192828178406,0.06714756786823273,0.6455151438713074
61,0.06359690427780151,0.6176085472106934,0.06713628768920898,0.6457834243774414
62,0.06354767829179764,0.6180230379104614,0.06754108518362045,0.6457893252372742
63,0.06333587318658829,0.6182378530502319,0.06669355928897858,0.6456773281097412
64,0.06332165002822876,0.6176313161849976,0.06833284348249435,0.6459131836891174
65,0.06328523904085159,0.6175744533538818,0.06687258183956146,0.6456507444381714
66,0.06335331499576569,0.6183061003684998,0.0669022873044014,0.6454650163650513
67,0.06315983831882477,0.6184325218200684,0.06874454021453857,0.6460606455802917
68,0.06328679621219635,0.6182681918144226,0.06621836125850677,0.6455328464508057
69,0.0632227286696434,0.6179712414741516,0.06600616127252579,0.6457391977310181
70,0.06315653771162033,0.6183655261993408,0.06631558388471603,0.6456596255302429
71,0.06307411193847656,0.6181128025054932,0.0660191997885704,0.6458041071891785
72,0.06299108266830444,0.6183667778968811,0.06670146435499191,0.6457509994506836
73,0.06290948390960693,0.6188431978225708,0.06783583760261536,0.645712673664093
74,0.06297628581523895,0.6194889545440674,0.06755189597606659,0.6457067728042603
75,0.0628829225897789,0.618340253829956,0.0661119818687439,0.6457332968711853
76,0.06277132779359818,0.6187698841094971,0.0660317987203598,0.6455151438713074
77,0.06281720101833344,0.6183061003684998,0.06774123013019562,0.6456507444381714
78,0.06264771521091461,0.6191515326499939,0.06647166609764099,0.6452556252479553
79,0.06269829720258713,0.618668794631958,0.06573034077882767,0.6459869146347046
80,0.06248835101723671,0.618270754814148,0.0666455551981926,0.6454856395721436
81,0.06254569441080093,0.618685245513916,0.06705779582262039,0.6453558802604675
82,0.06239476799964905,0.6189544200897217,0.06716921925544739,0.6455386877059937
83,0.06239926069974899,0.6190858483314514,0.06691335886716843,0.6461254954338074
84,0.062351249158382416,0.6190630793571472,0.06440452486276627,0.6456802487373352
85,0.062174681574106216,0.6191920042037964,0.06539730727672577,0.6450492143630981
86,0.06221394240856171,0.6195230484008789,0.06675601750612259,0.6455475687980652
87,0.0623222216963768,0.6192589402198792,0.06681591272354126,0.6455652713775635
88,0.06220420077443123,0.6193802952766418,0.06659586727619171,0.6457687020301819
89,0.062104128301143646,0.6195331811904907,0.06690481305122375,0.645314633846283
90,0.062201399356126785,0.6192083954811096,0.06534002721309662,0.6460900902748108
91,0.061963386833667755,0.6201220750808716,0.06433332711458206,0.6454650163650513
92,0.062023092061281204,0.6190782785415649,0.06768020987510681,0.6456153988838196
93,0.062153492122888565,0.6195306777954102,0.06639905273914337,0.6458778381347656
94,0.062024351209402084,0.619608998298645,0.06572789698839188,0.6457008719444275
95,0.06196199730038643,0.6194902062416077,0.06564605981111526,0.645818829536438
96,0.061868224292993546,0.620118260383606,0.06542754173278809,0.645579993724823
97,0.06182088330388069,0.6194359064102173,0.06607349961996078,0.646057665348053
98,0.06170482560992241,0.6201043725013733,0.06618358194828033,0.645686149597168
99,0.06174410507082939,0.6198996901512146,0.06581781804561615,0.6463407278060913
100,0.06154654547572136,0.6200664639472961,0.06542564928531647,0.6455504894256592
101,0.06173019856214523,0.6195774078369141,0.06533899158239365,0.6461402177810669
102,0.06154739111661911,0.6201473474502563,0.06624197959899902,0.6462021470069885
103,0.061485450714826584,0.6199552416801453,0.06438931077718735,0.6454384326934814
104,0.061423160135746,0.6205176115036011,0.06545398384332657,0.6452792286872864
105,0.06141795217990875,0.6203394532203674,0.06587576866149902,0.6458542346954346
106,0.06138605251908302,0.6205112934112549,0.0661495253443718,0.6454384326934814
107,0.06147001311182976,0.6204140186309814,0.06516150385141373,0.6459367871284485
108,0.06124666705727577,0.6205567717552185,0.06435718387365341,0.6465058922767639
109,0.06128472089767456,0.6205441355705261,0.06505964696407318,0.6459397077560425
0,0.0627608522772789,0.6195040941238403,0.06463567167520523,0.6451259255409241
1,0.0626697912812233,0.6191439628601074,0.06423692405223846,0.6452645063400269
2,0.06264717131853104,0.6195382475852966,0.06316181272268295,0.6449224352836609
3,0.06241645663976669,0.619071900844574,0.06355400383472443,0.6448782086372375
4,0.06251856684684753,0.6193057298660278,0.06373672932386398,0.6448103785514832
5,0.06230848655104637,0.620357096195221,0.064227394759655,0.6443828344345093
6,0.06235398352146149,0.6198453307151794,0.06346865743398666,0.6448074579238892
7,0.06217971071600914,0.6197479963302612,0.0636109858751297,0.6450020670890808
8,0.06218583509325981,0.6193550229072571,0.06341521441936493,0.6447720527648926
9,0.062242209911346436,0.6197530627250671,0.06350713968276978,0.6447986364364624
10,0.061872851103544235,0.6203191876411438,0.0635971799492836,0.6445863246917725
11,0.061896912753582,0.6204279065132141,0.06284734606742859,0.6448192596435547
12,0.061876486986875534,0.6196810603141785,0.06387197971343994,0.6445774435997009
13,0.061756812036037445,0.6196014285087585,0.06415760517120361,0.6451347470283508
14,0.06193537265062332,0.6201814413070679,0.06413313746452332,0.6446954011917114
15,0.06178086996078491,0.6197669506072998,0.06390342861413956,0.6449902653694153
16,0.06162569299340248,0.6198541522026062,0.06452862173318863,0.6447219252586365
17,0.06170734763145447,0.6200588941574097,0.06308043748140335,0.6446187496185303
18,0.06159328669309616,0.620522677898407,0.06356456130743027,0.6450698971748352
19,0.06150112673640251,0.6209775805473328,0.06294121593236923,0.6450935006141663
20,0.06151202693581581,0.620134711265564,0.06375694274902344,0.6449372172355652
0,0.06133348122239113,0.6199198961257935,0.06388602405786514,0.6449755430221558
1,0.06119460612535477,0.6200816631317139,0.06382916122674942,0.6454443335533142
2,0.06108704209327698,0.6201385259628296,0.06351981312036514,0.6450551152229309
3,0.061142634600400925,0.6199666261672974,0.06383667886257172,0.6451936960220337
4,0.0611412338912487,0.6204114556312561,0.06374616175889969,0.6451789736747742
5,0.061133045703172684,0.6205820441246033,0.06375369429588318,0.6452527046203613
0,0.060921940952539444,0.6206439733505249,0.0637224018573761,0.6450993418693542
1,0.06091668829321861,0.6208600997924805,0.06380380690097809,0.645232081413269
2,0.06097574532032013,0.6204632520675659,0.06381618976593018,0.6451730728149414
3,0.06093386933207512,0.6199097633361816,0.0639575868844986,0.6455445885658264
4,0.06095517426729202,0.6195230484008789,0.06378280371427536,0.6451553702354431
5,0.06091972440481186,0.6200411915779114,0.06380599737167358,0.6452291011810303
6,0.06096019223332405,0.6198920607566833,0.06382520496845245,0.6451907753944397
7,0.06100587174296379,0.6206667423248291,0.06371219456195831,0.6453883647918701
8,0.060940857976675034,0.6199350357055664,0.06387653946876526,0.6452261805534363
0,0.060975901782512665,0.6202661395072937,0.06380574405193329,0.6453057527542114
1,0.060998860746622086,0.6204240918159485,0.06380987912416458,0.6454237103462219
2,0.06096550449728966,0.620607316493988,0.06390657275915146,0.6451789736747742
3,0.06091276556253433,0.6197518110275269,0.06385745853185654,0.6453116536140442
4,0.06093304604291916,0.6205378174781799,0.06384653598070145,0.6452969312667847
5,0.06089496985077858,0.6202825903892517,0.06388456374406815,0.6452261805534363
6,0.06098298355937004,0.6200702786445618,0.06377236545085907,0.6454591155052185
7,0.060950763523578644,0.6203305721282959,0.06378715485334396,0.6456684470176697
8,0.060966454446315765,0.6207349896430969,0.06372607499361038,0.6453971862792969
9,0.06096835434436798,0.6198111772537231,0.06369846314191818,0.6452232003211975
10,0.06097205728292465,0.6200841665267944,0.06372139602899551,0.6454178094863892
11,0.060999546200037,0.6205744743347168,0.06378152221441269,0.6450875997543335
12,0.06099938601255417,0.620235800743103,0.06382830440998077,0.6454856395721436
13,0.06096424534916878,0.6199527382850647,0.06384139508008957,0.6452969312667847
14,0.0609610378742218,0.6200436949729919,0.06378693878650665,0.6451671719551086
15,0.060985174030065536,0.6207337379455566,0.06377317756414413,0.6452881097793579
16,0.06087062135338783,0.6199565529823303,0.06369491666555405,0.6453264355659485
17,0.060935843735933304,0.6199906468391418,0.06385628879070282,0.6455239653587341
18,0.06091606616973877,0.62056565284729,0.06377465277910233,0.6450374722480774
19,0.06089581921696663,0.6197239756584167,0.06376012414693832,0.6453765630722046
20,0.06095270812511444,0.6204468607902527,0.06384601444005966,0.6454237103462219
21,0.06099819019436836,0.6204291582107544,0.06383845210075378,0.6451465487480164
22,0.06090452894568443,0.6202952265739441,0.06376597285270691,0.6453499794006348
23,0.060940347611904144,0.6202194094657898,0.06382477283477783,0.6455475687980652
24,0.060859352350234985,0.6207425594329834,0.063804030418396,0.6454030871391296
25,0.06093491613864899,0.6205883622169495,0.06375714391469955,0.6450816988945007
26,0.060892365872859955,0.6195015907287598,0.0638861283659935,0.6455622911453247
27,0.06092898175120354,0.6200563907623291,0.0637521967291832,0.6452851295471191
28,0.060884904116392136,0.620788037776947,0.0637725368142128,0.6452851295471191
29,0.06095071882009506,0.6200816631317139,0.06371594965457916,0.6453912854194641
30,0.06092268228530884,0.6199830770492554,0.06378322839736938,0.6454915404319763
31,0.06091007590293884,0.6198554039001465,0.06375094503164291,0.6453205347061157
32,0.06100154668092728,0.6198516488075256,0.06370953470468521,0.6454561352729797
33,0.060956113040447235,0.6199350357055664,0.06384216248989105,0.6454119086265564
34,0.06089404225349426,0.6208310127258301,0.06359999626874924,0.6454532146453857
35,0.06086772680282593,0.620045006275177,0.06375487893819809,0.6450256705284119
36,0.06087957322597504,0.6204367280006409,0.06383775174617767,0.6453087329864502
37,0.06092799827456474,0.6210888028144836,0.06382142007350922,0.6451170444488525
38,0.0609927698969841,0.6205024719238281,0.06376604735851288,0.6455328464508057
39,0.060941826552152634,0.6204935908317566,0.06368271261453629,0.6454207897186279
40,0.060896988958120346,0.620570719242096,0.06382590532302856,0.6453264355659485
41,0.06084689497947693,0.620862603187561,0.06387487053871155,0.6455740928649902
42,0.060815054923295975,0.6210736632347107,0.06381560862064362,0.6453617811203003
43,0.060890305787324905,0.6206831336021423,0.06374593824148178,0.645470917224884
44,0.06092863529920578,0.6197176575660706,0.06358791142702103,0.645235002040863
45,0.06088704615831375,0.6205846071243286,0.06382829695940018,0.645235002040863
46,0.06090386211872101,0.619698703289032,0.0637948215007782,0.6455593705177307
47,0.06090700253844261,0.6202598214149475,0.06385365128517151,0.6453205347061157
48,0.06089217588305473,0.6206970810890198,0.06384660303592682,0.6455947160720825
49,0.06085104122757912,0.620448112487793,0.06378179788589478,0.6453794836997986
50,0.060909878462553024,0.6205630898475647,0.06388788670301437,0.645579993724823
51,0.060898296535015106,0.6203381419181824,0.06374473869800568,0.6452556252479553
52,0.06087297946214676,0.6201334595680237,0.06400660425424576,0.6454266905784607
53,0.06086064130067825,0.6207653284072876,0.06375347822904587,0.6454827189445496
54,0.06085796654224396,0.6198857426643372,0.06376661360263824,0.6455652713775635
55,0.06092368811368942,0.620012104511261,0.06370767951011658,0.6455092430114746
56,0.060899700969457626,0.6201663017272949,0.06381648778915405,0.6451848745346069
57,0.060918472707271576,0.6204077005386353,0.06364739686250687,0.6452172994613647
58,0.060841482132673264,0.6205567717552185,0.06369321793317795,0.6453529596328735
59,0.06091102957725525,0.6205479502677917,0.06377003341913223,0.6452792286872864
60,0.06087614968419075,0.6204923391342163,0.06369999051094055,0.6455475687980652
0,0.061038702726364136,0.6204430460929871,0.06358697265386581,0.6453529596328735
1,0.06101156771183014,0.6198971271514893,0.06428156048059464,0.6451318264007568
2,0.06099148094654083,0.6204240918159485,0.06384913623332977,0.645553469657898
3,0.06101183965802193,0.620384931564331,0.06386218219995499,0.6453824639320374
4,0.06099503114819527,0.6199552416801453,0.06381051242351532,0.6454089879989624
5,0.06089811772108078,0.6207160353660583,0.0637015625834465,0.6451377272605896
6,0.06093272566795349,0.6202421188354492,0.06367706507444382,0.6454414129257202
7,0.060975704342126846,0.6203773617744446,0.06366156041622162,0.645317554473877
8,0.060914307832717896,0.6204986572265625,0.0640222579240799,0.6454207897186279
9,0.060853466391563416,0.6201473474502563,0.06380985677242279,0.6452998518943787
10,0.06083383411169052,0.6207513809204102,0.06349948793649673,0.6457657814025879
11,0.06086580827832222,0.6201069355010986,0.06353631615638733,0.6456714272499084
12,0.06092917174100876,0.6204127073287964,0.06360635906457901,0.645470917224884
13,0.06084899976849556,0.6203925013542175,0.06330669671297073,0.6454768180847168
14,0.06086520478129387,0.620819628238678,0.06387684494256973,0.6454679369926453
15,0.0608590766787529,0.6206339001655579,0.0636143758893013,0.6454974412918091
16,0.06082506477832794,0.6211987733840942,0.06393235921859741,0.6454620361328125
17,0.0608488991856575,0.6206275820732117,0.06379498541355133,0.6451406478881836
18,0.06079006567597389,0.6203722953796387,0.06387180835008621,0.6454768180847168
19,0.06091596931219101,0.6204632520675659,0.06391048431396484,0.6450226902961731
20,0.06088121980428696,0.6200197339057922,0.06384138762950897,0.6455416679382324
21,0.06078541278839111,0.6202459335327148,0.06401258707046509,0.6453057527542114
22,0.06081116199493408,0.6205239295959473,0.06349340081214905,0.6451229453086853
23,0.060805343091487885,0.6208727359771729,0.06356757134199142,0.645341157913208
24,0.06076695770025253,0.6209447383880615,0.06375449895858765,0.6453028321266174
25,0.06078047677874565,0.6204695701599121,0.06370577961206436,0.6452527046203613
26,0.0607387013733387,0.6205403804779053,0.06385144591331482,0.6455062627792358
27,0.06077969819307327,0.6210117340087891,0.06383828818798065,0.6453883647918701
28,0.060724690556526184,0.6209055781364441,0.06356978416442871,0.6455917954444885
29,0.06072503328323364,0.621282160282135,0.06377746909856796,0.6453499794006348
30,0.06076255813241005,0.6204026341438293,0.06409154832363129,0.6453352570533752
31,0.06075970083475113,0.6203078627586365,0.06378839910030365,0.6454827189445496
32,0.060761019587516785,0.6206439733505249,0.06350990384817123,0.6454207897186279
33,0.060756437480449677,0.6204253435134888,0.06343389302492142,0.645470917224884
34,0.06078280135989189,0.6207160353660583,0.06384328752756119,0.6450433731079102
35,0.06072891503572464,0.6208158731460571,0.06312371045351028,0.6453057527542114
36,0.060774195939302444,0.6209877133369446,0.06396123021841049,0.6453499794006348
37,0.060743484646081924,0.6206060647964478,0.06396716088056564,0.6454797387123108
38,0.0606425404548645,0.6207678318023682,0.06363718956708908,0.6454001069068909
39,0.06061005964875221,0.6212859749794006,0.06337888538837433,0.6454679369926453
40,0.06062811613082886,0.6207943558692932,0.06396869570016861,0.6453824639320374
41,0.06071653217077255,0.6212607026100159,0.06377942115068436,0.6449902653694153
42,0.060663048177957535,0.6207185387611389,0.06359522044658661,0.6454148888587952
43,0.06070445105433464,0.6208108067512512,0.0635581910610199,0.6458601355552673
44,0.06060640141367912,0.6210850477218628,0.06359384208917618,0.6452910304069519
45,0.06063038483262062,0.6204063892364502,0.06349825114011765,0.6455298662185669
46,0.06062079221010208,0.620862603187561,0.06370912492275238,0.6453470587730408
47,0.06060820817947388,0.620836079120636,0.06382521986961365,0.6455210447311401
48,0.060653358697891235,0.6205946803092957,0.0635962039232254,0.645232081413269
49,0.06058584153652191,0.6212139129638672,0.06358181685209274,0.6456301212310791
50,0.06060318648815155,0.6207627654075623,0.06348385661840439,0.6452881097793579
51,0.06064458563923836,0.620400071144104,0.06365136057138443,0.6454532146453857
52,0.06057514622807503,0.6209485530853271,0.06364043056964874,0.6452763080596924
53,0.060612138360738754,0.6209157109260559,0.06357210874557495,0.645208477973938
54,0.06058226153254509,0.6209346652030945,0.06329833716154099,0.6455180644989014
55,0.060512419790029526,0.6207690834999084,0.06356130540370941,0.6456006169319153
56,0.060578010976314545,0.6207425594329834,0.06367360055446625,0.6456153988838196
57,0.06053025647997856,0.6206730604171753,0.06379389762878418,0.645606517791748
58,0.06059364229440689,0.6206945180892944,0.06344640254974365,0.645709753036499
59,0.06060801073908806,0.6211216449737549,0.06333193928003311,0.6451347470283508
60,0.06051072105765343,0.6204215884208679,0.06372269243001938,0.6454178094863892
61,0.06054094433784485,0.6210041642189026,0.06314615905284882,0.6456124186515808
62,0.06051841750741005,0.6215741038322449,0.06314156204462051,0.6454974412918091
63,0.060537781566381454,0.6217118501663208,0.06333652883768082,0.6453558802604675
64,0.06046662852168083,0.6209118962287903,0.06390877813100815,0.6456124186515808
65,0.06052516773343086,0.6211456656455994,0.06376010924577713,0.6456773281097412
0,0.06071187183260918,0.6207539439201355,0.06307974457740784,0.6459810137748718
1,0.060719363391399384,0.6202509999275208,0.062955841422081,0.6459574103355408
2,0.060723453760147095,0.6205630898475647,0.06270614266395569,0.6459426879882812
3,0.06068672239780426,0.6205353140830994,0.06309905648231506,0.6458394527435303
4,0.060582615435123444,0.6212139129638672,0.06323465704917908,0.6459810137748718
5,0.060678597539663315,0.6206957697868347,0.06288846582174301,0.6461136937141418
6,0.06063723564147949,0.6206465363502502,0.06324987858533859,0.6458041071891785
7,0.060736000537872314,0.6206957697868347,0.06345212459564209,0.645818829536438
8,0.06063658744096756,0.6206376552581787,0.06282369047403336,0.645922064781189
9,0.06067686900496483,0.6205555200576782,0.06321832537651062,0.6459013819694519
10,0.06059574335813522,0.6204961538314819,0.06311864405870438,0.6458306312561035
11,0.060595348477363586,0.6207286715507507,0.06307664513587952,0.645709753036499
12,0.060579411685466766,0.6207754015922546,0.06289661675691605,0.6459574103355408
13,0.060573820024728775,0.6218571662902832,0.0629868283867836,0.6458836793899536
14,0.06056501716375351,0.6204051375389099,0.06285511702299118,0.6458218097686768
15,0.06054307520389557,0.6209447383880615,0.06314989179372787,0.6461166739463806
16,0.060599830001592636,0.6206502914428711,0.06276330351829529,0.6458483338356018
17,0.06058609485626221,0.6206604242324829,0.0630379244685173,0.6459780335426331
18,0.06049880012869835,0.6207716464996338,0.06272270530462265,0.6458601355552673
19,0.06058943271636963,0.6208866238594055,0.06306759268045425,0.6459751129150391
20,0.06058511510491371,0.6209700107574463,0.06334409862756729,0.6461461186408997
21,0.060556717216968536,0.6208398342132568,0.06289894878864288,0.6460193395614624
22,0.06047787144780159,0.6203710436820984,0.06302100419998169,0.6459751129150391
23,0.060550250113010406,0.6208739876747131,0.06333132833242416,0.6461343169212341
24,0.060573872178792953,0.621250569820404,0.06333144009113312,0.6458836793899536
25,0.06050083786249161,0.6207918524742126,0.06310748308897018,0.646057665348053
26,0.06049037724733353,0.6211254596710205,0.06345630437135696,0.6459810137748718
27,0.060477759689092636,0.6211292743682861,0.06306879222393036,0.645922064781189
28,0.06048037111759186,0.6208891272544861,0.06272927671670914,0.6459633111953735
29,0.060486312955617905,0.6209157109260559,0.06289995461702347,0.6457864046096802
30,0.060452837496995926,0.6209649443626404,0.06255950778722763,0.646163821220398
31,0.060419972985982895,0.6209283471107483,0.06297843158245087,0.6461077928543091
32,0.060435425490140915,0.6213288903236389,0.06309087574481964,0.6458689570426941
33,0.06052539125084877,0.6210294365882874,0.06340885907411575,0.6458866596221924
34,0.06048908829689026,0.621510922908783,0.06276364624500275,0.6459633111953735
35,0.06046859547495842,0.6205555200576782,0.0633617416024208,0.6463584303855896
36,0.06046425178647041,0.620879054069519,0.06313369423151016,0.6459810137748718
37,0.06042589247226715,0.6209813952445984,0.06294186413288116,0.6461225748062134
38,0.060399893671274185,0.621356725692749,0.0628480538725853,0.6462286710739136
39,0.0604047030210495,0.6212316155433655,0.06321801990270615,0.6460782885551453
40,0.06039539724588394,0.6214969754219055,0.0629177913069725,0.6461225748062134
41,0.06045834720134735,0.6209473013877869,0.06329333037137985,0.6461402177810669
42,0.06046181544661522,0.6213428378105164,0.06267597526311874,0.6458218097686768
43,0.06034659966826439,0.621728241443634,0.06280714273452759,0.6461962461471558
44,0.060364581644535065,0.6210812330245972,0.06326860934495926,0.6462169289588928
45,0.06036308780312538,0.6208891272544861,0.0630049854516983,0.6460134387016296
46,0.06032184511423111,0.6211090087890625,0.06276503205299377,0.6460164189338684
47,0.0603732205927372,0.6210824847221375,0.06293164938688278,0.6465412378311157
48,0.06038843095302582,0.6209131479263306,0.06298456341028214,0.646054744720459
49,0.06036002188920975,0.6209131479263306,0.06302650272846222,0.6461726427078247
50,0.06032050400972366,0.6214426755905151,0.06267844140529633,0.6462611556053162
51,0.060322605073451996,0.6214932203292847,0.0627744048833847,0.6459839344024658
52,0.06026753783226013,0.6215892434120178,0.06263472884893417,0.6462876796722412
53,0.06028538942337036,0.6221819519996643,0.06290203332901001,0.646323025226593
54,0.06033182889223099,0.620640218257904,0.06282827258110046,0.646160900592804
55,0.06034711375832558,0.6212101578712463,0.06244083121418953,0.6461077928543091
56,0.060247231274843216,0.621728241443634,0.0627949982881546,0.6461284160614014
57,0.060298237949609756,0.6213036179542542,0.06264882534742355,0.6459013819694519
58,0.06032184883952141,0.6202901601791382,0.06279423087835312,0.6459603905677795
59,0.06024089828133583,0.6213807463645935,0.06278741359710693,0.6461136937141418
60,0.06035095825791359,0.6210559606552124,0.06262487173080444,0.6456831693649292
61,0.06019866466522217,0.6216663122177124,0.06296439468860626,0.6459662914276123
62,0.06022242084145546,0.6214325428009033,0.06279997527599335,0.6460517644882202
63,0.06023520603775978,0.6212922930717468,0.06284215301275253,0.6462906002998352
64,0.06019622087478638,0.6210357546806335,0.06310025602579117,0.6459721922874451
65,0.0603061281144619,0.6218571662902832,0.06284575909376144,0.645927906036377
66,0.06029096618294716,0.6212050914764404,0.06295627355575562,0.6459013819694519
67,0.06020033732056618,0.6204898357391357,0.0629771277308464,0.6461254954338074
68,0.060279298573732376,0.6215867400169373,0.06274791806936264,0.6461520195007324
69,0.06022898480296135,0.6207513809204102,0.06268029659986496,0.6461077928543091
70,0.060232970863580704,0.6211633682250977,0.06261233985424042,0.6460105180740356
71,0.06023725867271423,0.621685266494751,0.06291429698467255,0.6461166739463806
72,0.06018173322081566,0.6210319399833679,0.06276354193687439,0.6459662914276123
73,0.06024236977100372,0.6215450167655945,0.06286171078681946,0.6459898352622986
74,0.060251642018556595,0.6216195821762085,0.06261518597602844,0.646054744720459
75,0.06014857068657875,0.621908962726593,0.06269633769989014,0.6459633111953735
76,0.06013558804988861,0.6217964887619019,0.06269555538892746,0.6462169289588928
77,0.06019119545817375,0.6211090087890625,0.06263862550258636,0.6461992263793945
78,0.060151953250169754,0.6218634843826294,0.06274087727069855,0.6459869146347046
79,0.060197971761226654,0.6211886405944824,0.06309233605861664,0.6460281610488892
80,0.06009180471301079,0.6215867400169373,0.06271189451217651,0.646057665348053
81,0.060107938945293427,0.6220669150352478,0.06284769624471664,0.6461461186408997
82,0.06012120470404625,0.6214502453804016,0.06257490068674088,0.6457215547561646
83,0.060144633054733276,0.6216296553611755,0.06271612644195557,0.6460635662078857
84,0.06012757495045662,0.62186598777771,0.06302013248205185,0.6460370421409607
85,0.06004231423139572,0.6209775805473328,0.06258180737495422,0.6460724472999573
0,0.060743045061826706,0.6209270358085632,0.06318926066160202,0.6471958756446838
1,0.06070287525653839,0.6209005117416382,0.063190758228302,0.6468449831008911
2,0.06066153943538666,0.6211065053939819,0.06308089941740036,0.6470012664794922
3,0.06060461327433586,0.6213516592979431,0.06358364969491959,0.6467594504356384
4,0.06057460606098175,0.6213049292564392,0.06329917907714844,0.6466090679168701
5,0.06060837581753731,0.6203558444976807,0.06337391585111618,0.6467565298080444
6,0.060593266040086746,0.6208929419517517,0.06304910778999329,0.64703369140625
7,0.06051718443632126,0.6200057864189148,0.06288851797580719,0.6469982862472534
8,0.06059412658214569,0.621265709400177,0.06326425820589066,0.6469894647598267
9,0.06055539473891258,0.6210408210754395,0.06345459073781967,0.6469540596008301
10,0.06051584333181381,0.6209927797317505,0.0631076768040657,0.6471751928329468
11,0.06050462648272514,0.6208575367927551,0.06309043616056442,0.6468685269355774
12,0.0605245940387249,0.6210193037986755,0.063138447701931,0.6467830538749695
13,0.06052899360656738,0.621265709400177,0.06303101032972336,0.6468331813812256
14,0.06050511822104454,0.6209990978240967,0.06301552057266235,0.64690101146698
15,0.06047486513853073,0.6210711002349854,0.06322061270475388,0.6469805836677551
16,0.060457658022642136,0.6213276386260986,0.06317508220672607,0.6472460031509399
17,0.06039431691169739,0.6213352084159851,0.06333094835281372,0.6469628810882568
18,0.060500577092170715,0.6210837364196777,0.06337565183639526,0.6469982862472534
19,0.06039845198392868,0.6217244863510132,0.06313415616750717,0.6469864845275879
20,0.06048905849456787,0.620920717716217,0.06316215544939041,0.6469923853874207
21,0.06047164648771286,0.6214274764060974,0.0632009282708168,0.6472194194793701
22,0.06045108288526535,0.6210180521011353,0.0630514919757843,0.6470218896865845
23,0.06050093099474907,0.6211823225021362,0.06330898404121399,0.6467299461364746
24,0.06046786904335022,0.6213984489440918,0.06324038654565811,0.6469717621803284
25,0.06040291115641594,0.6208575367927551,0.0635591670870781,0.6468538045883179
26,0.06038849055767059,0.620952308177948,0.06302875280380249,0.646927535533905
27,0.06034183129668236,0.6209245324134827,0.06330590695142746,0.6468951106071472
28,0.06036897376179695,0.6211115717887878,0.0631260797381401,0.6468007564544678
29,0.06041942536830902,0.6215488314628601,0.06313811242580414,0.6468007564544678
30,0.06030118092894554,0.6209245324134827,0.0632348507642746,0.6468538045883179
31,0.06029866635799408,0.6215285658836365,0.06334580481052399,0.6469717621803284
32,0.06026662513613701,0.6217156052589417,0.06327668577432632,0.6468508839607239
33,0.060323987156152725,0.6214616298675537,0.06304947286844254,0.6470572352409363
34,0.060277774930000305,0.6213150024414062,0.06279144436120987,0.6470985412597656
35,0.06035280227661133,0.6219493746757507,0.0633009672164917,0.6470720171928406
36,0.06030817702412605,0.6216359734535217,0.06282848119735718,0.6467682719230652
37,0.060318902134895325,0.6211721897125244,0.06314482539892197,0.6470690369606018
38,0.06030048057436943,0.6221414804458618,0.0630272850394249,0.6468095779418945
39,0.06032967567443848,0.6214022040367126,0.06275960057973862,0.647169291973114
40,0.060284994542598724,0.6216069459915161,0.06314261257648468,0.6467476487159729
41,0.060299403965473175,0.6215399503707886,0.06286610662937164,0.6470189094543457
42,0.06024866923689842,0.6216233372688293,0.06266903877258301,0.64690101146698
43,0.06024909019470215,0.6219354867935181,0.06323705613613129,0.6470956206321716
44,0.060265883803367615,0.6213668584823608,0.0627589151263237,0.646903932094574
45,0.06021887809038162,0.6212088465690613,0.06293851882219315,0.6473373770713806
46,0.0602516308426857,0.6209055781364441,0.06311651319265366,0.6470543146133423
47,0.06026020273566246,0.6213314533233643,0.06314806640148163,0.6470720171928406
48,0.0603286512196064,0.6213516592979431,0.06294849514961243,0.6470838189125061
49,0.06013551354408264,0.6218356490135193,0.06292761117219925,0.6472371220588684
50,0.06024307757616043,0.621670126914978,0.06294259428977966,0.6471545696258545
51,0.06025037169456482,0.6215285658836365,0.06312117725610733,0.646794855594635
52,0.06020446866750717,0.6218217611312866,0.06242924928665161,0.6467682719230652
53,0.0602383092045784,0.6213655471801758,0.06281667947769165,0.646794855594635
54,0.06022358685731888,0.6216284036636353,0.06281009316444397,0.6470041871070862
55,0.06012298911809921,0.6216953992843628,0.06265018880367279,0.6469186544418335
56,0.060227952897548676,0.6214969754219055,0.06286890804767609,0.6472577452659607
57,0.06014896556735039,0.6215829253196716,0.06301648169755936,0.6472460031509399
58,0.06012503802776337,0.6211545467376709,0.06287600845098495,0.6470985412597656
59,0.060138039290905,0.6218419671058655,0.06313476711511612,0.6467918753623962
60,0.06019054353237152,0.6216638088226318,0.06319663673639297,0.6467565298080444
61,0.06015108898282051,0.6215564012527466,0.06286603957414627,0.6468036770820618
62,0.06011417135596275,0.6209662556648254,0.06265353411436081,0.6468508839607239
63,0.060224179178476334,0.6216259002685547,0.06323667615652084,0.6468951106071472
64,0.06013714522123337,0.6216941475868225,0.0629858449101448,0.6470159888267517
65,0.060055989772081375,0.6218584179878235,0.0631471574306488,0.6467270255088806
66,0.0600925050675869,0.6217055320739746,0.06302725523710251,0.6470749378204346
67,0.060077980160713196,0.6220858693122864,0.06309053301811218,0.64690101146698
68,0.06010168790817261,0.6216157674789429,0.06303674727678299,0.6469953656196594
69,0.06009777635335922,0.622015118598938,0.06268662214279175,0.6471280455589294
70,0.060084838420152664,0.6212998628616333,0.06262033432722092,0.6468538045883179
71,0.06010104715824127,0.6219013929367065,0.06296784430742264,0.6465795636177063
72,0.06011106073856354,0.6210926175117493,0.06271909922361374,0.6469599604606628
73,0.06007726490497589,0.6219531893730164,0.06254645437002182,0.6468980312347412
74,0.06008048728108406,0.6216979026794434,0.06284355372190475,0.6468508839607239
75,0.060078155249357224,0.6217131018638611,0.06280447542667389,0.6471869945526123
76,0.060020435601472855,0.6216890811920166,0.06304512917995453,0.6468892097473145
77,0.05997079238295555,0.6221743226051331,0.06289922446012497,0.6468331813812256
78,0.060039594769477844,0.621925413608551,0.06301554292440414,0.6469805836677551
79,0.060015540570020676,0.6219026446342468,0.06290730088949203,0.6469923853874207
80,0.05999494716525078,0.6215904951095581,0.06283366680145264,0.646824300289154
81,0.05996794253587723,0.6214287281036377,0.0630297139286995,0.6472342014312744
82,0.05999227240681648,0.6216789484024048,0.06264019757509232,0.6470218896865845
0,0.06012255698442459,0.6226456761360168,0.06310853362083435,0.646317183971405
1,0.06015319749712944,0.6212455034255981,0.0629061833024025,0.6461225748062134
2,0.060121092945337296,0.6213997006416321,0.06288547068834305,0.6461815237998962
0,0.06002125144004822,0.6218040585517883,0.06299617886543274,0.6459013819694519
1,0.060025617480278015,0.622015118598938,0.06294263154268265,0.6461461186408997
2,0.05999260023236275,0.6212050914764404,0.06289092451334,0.6459810137748718
3,0.06004197522997856,0.6221237778663635,0.06274454295635223,0.6463260054588318
4,0.060005199164152145,0.6217092871665955,0.06282484531402588,0.6463289260864258
5,0.05997350439429283,0.6222438216209412,0.06307084113359451,0.6460429430007935
6,0.05995327606797218,0.6215816736221313,0.06295842677354813,0.6462876796722412
7,0.059954214841127396,0.6216334700584412,0.0628417432308197,0.6461992263793945
8,0.05996721610426903,0.6218546032905579,0.06293047964572906,0.6461697220802307
9,0.05995071679353714,0.6217004656791687,0.06278815120458603,0.6462169289588928
10,0.05997529998421669,0.621446430683136,0.06295671314001083,0.6461343169212341
11,0.05994528532028198,0.6215273141860962,0.06293810904026031,0.6461962461471558
12,0.059966251254081726,0.6217876672744751,0.06292977929115295,0.6460900902748108
13,0.05995373800396919,0.6219809651374817,0.06288943439722061,0.6461166739463806
14,0.05990208685398102,0.621819257736206,0.06294824182987213,0.6459869146347046
15,0.059972602874040604,0.6211519837379456,0.06299906224012375,0.6458365321159363
16,0.059931229799985886,0.6216599941253662,0.06298523396253586,0.646187424659729
17,0.05993444472551346,0.6218761205673218,0.06299452483654022,0.645927906036377
18,0.059956226497888565,0.6218735575675964,0.06295295059680939,0.6459810137748718
19,0.05985091254115105,0.6222842931747437,0.06290773302316666,0.6458778381347656
20,0.05997876077890396,0.6218710541725159,0.06290271878242493,0.6462316513061523
21,0.059934843331575394,0.6215614676475525,0.06309139728546143,0.6459839344024658
22,0.05999591574072838,0.6223057508468628,0.06287562847137451,0.6458100080490112
23,0.05993233248591423,0.6214818358421326,0.06297548115253448,0.6461933255195618
24,0.05991777777671814,0.6216170191764832,0.06306213140487671,0.6461815237998962
25,0.05990031361579895,0.6219393014907837,0.06297019869089127,0.6461343169212341
26,0.05998627096414566,0.6218205094337463,0.06277204304933548,0.6460046172142029
27,0.05992349237203598,0.6224915385246277,0.06306237727403641,0.6457746028900146
28,0.05994240567088127,0.6215172410011292,0.06305240839719772,0.6461077928543091
29,0.059899963438510895,0.6220846176147461,0.0630156397819519,0.6460046172142029
30,0.05989794060587883,0.6217724680900574,0.0629485622048378,0.645818829536438
31,0.05991356447339058,0.6226343512535095,0.0630715861916542,0.6460900902748108
32,0.059960607439279556,0.6216056942939758,0.0628499835729599,0.6462169289588928
33,0.05994147062301636,0.6224334239959717,0.06291179358959198,0.6459397077560425
34,0.05995028465986252,0.6217067837715149,0.06301041692495346,0.646054744720459
35,0.059894464910030365,0.6217269897460938,0.06291279196739197,0.6459574103355408
36,0.05990198627114296,0.6219380497932434,0.0628773495554924,0.646057665348053
37,0.05985136330127716,0.6215816736221313,0.0631418451666832,0.6459397077560425
38,0.05988592654466629,0.6215538382530212,0.06296009570360184,0.6461077928543091
39,0.05990604683756828,0.621791422367096,0.06286384165287018,0.6460311412811279
40,0.059881698340177536,0.6222488880157471,0.06282960623502731,0.6461785435676575
41,0.059849075973033905,0.6214919090270996,0.06291523575782776,0.6459662914276123
42,0.05992313474416733,0.6221060752868652,0.06300194561481476,0.6461815237998962
43,0.059917692095041275,0.6218457818031311,0.06294742226600647,0.6458748579025269
44,0.05990252271294594,0.6218786239624023,0.06301091611385345,0.6461136937141418
45,0.0599130317568779,0.6219418048858643,0.06295879930257797,0.6461933255195618
46,0.05990642309188843,0.6221010684967041,0.06288648396730423,0.6459839344024658
47,0.059874702244997025,0.6219683289527893,0.06303098797798157,0.6461077928543091
48,0.05988326668739319,0.6223057508468628,0.06289394199848175,0.6461431980133057
49,0.05989355221390724,0.6217535138130188,0.06286115944385529,0.6458925604820251
50,0.059936534613370895,0.6216499209403992,0.06289488077163696,0.645842432975769
51,0.059885889291763306,0.6222021579742432,0.06296874582767487,0.645845353603363
52,0.05996256321668625,0.6219759583473206,0.06294669210910797,0.6460105180740356
53,0.059940651059150696,0.6222172975540161,0.06282243132591248,0.6457539796829224
54,0.05994221940636635,0.6215867400169373,0.06284290552139282,0.6461520195007324
55,0.05988813564181328,0.6215172410011292,0.0627591535449028,0.646084189414978
56,0.059917889535427094,0.6217067837715149,0.06302736699581146,0.6461726427078247
57,0.059902023524045944,0.6225306987762451,0.06286434084177017,0.645924985408783
58,0.05989891290664673,0.6213124990463257,0.06298645585775375,0.646057665348053
59,0.05982920527458191,0.6210787296295166,0.06289412081241608,0.6462787985801697
60,0.05986561253666878,0.6215096116065979,0.06295882165431976,0.6458542346954346
61,0.05992373079061508,0.6221768856048584,0.06288503855466843,0.6461992263793945
62,0.05984777957201004,0.6227405071258545,0.06296271085739136,0.6462463736534119
63,0.0598498210310936,0.6222274303436279,0.06297647207975388,0.6458512544631958
64,0.059822291135787964,0.622063159942627,0.06291858851909637,0.6459426879882812
65,0.05986930802464485,0.6220442056655884,0.06296571344137192,0.6460458636283875
66,0.05986220762133598,0.6218495965003967,0.0629812553524971,0.6459574103355408
67,0.0598754808306694,0.6222741603851318,0.0629941001534462,0.6461668014526367
68,0.059874966740608215,0.6219279170036316,0.06292655318975449,0.646081268787384
69,0.0599958710372448,0.6223044991493225,0.06286010146141052,0.6459574103355408
70,0.05995321273803711,0.6223399043083191,0.06300029903650284,0.6461431980133057
71,0.05985689535737038,0.6219127774238586,0.06288091093301773,0.6462522745132446
72,0.059878453612327576,0.6220340728759766,0.06293696910142899,0.645922064781189
73,0.059824924916028976,0.6216751933097839,0.06293660402297974,0.6459869146347046
74,0.05985701084136963,0.6220568418502808,0.06299486011266708,0.6460164189338684
75,0.059866320341825485,0.6224586963653564,0.06283141672611237,0.6459131836891174
76,0.05986972153186798,0.6221806406974792,0.06286580860614777,0.6462611556053162
77,0.05983934924006462,0.621685266494751,0.06291887164115906,0.646081268787384
78,0.05981786549091339,0.621860921382904,0.06292326748371124,0.6462728977203369
79,0.05986541509628296,0.6219582557678223,0.06283988803625107,0.6459839344024658
80,0.05990799888968468,0.6219633221626282,0.06303221732378006,0.6461431980133057
81,0.05984972417354584,0.6222172975540161,0.06287961453199387,0.6461313962936401
82,0.05983142927289009,0.6222261786460876,0.06286618858575821,0.6460399627685547
83,0.05980810895562172,0.6223272681236267,0.06301828473806381,0.6460252404212952
84,0.059852514415979385,0.6223512887954712,0.06292591243982315,0.6463053822517395
85,0.059898458421230316,0.6221503019332886,0.06299466639757156,0.6461077928543091
86,0.05984475463628769,0.6220239400863647,0.06281658262014389,0.6461815237998962
87,0.059838540852069855,0.6223222017288208,0.06286206841468811,0.6458836793899536
88,0.059899166226387024,0.6223436594009399,0.06289239227771759,0.6459692120552063
89,0.05982721969485283,0.62165367603302,0.0629860907793045,0.6463260054588318
90,0.059862229973077774,0.6220442056655884,0.06287361681461334,0.6460753679275513
91,0.05981096625328064,0.6222476363182068,0.06280750036239624,0.645927906036377
92,0.059882551431655884,0.6213365197181702,0.06289021670818329,0.6462699770927429
93,0.05985140800476074,0.6219733953475952,0.06271228939294815,0.645922064781189
94,0.05984019488096237,0.6217876672744751,0.06285583972930908,0.6461402177810669
95,0.05988382175564766,0.6213756799697876,0.06301699578762054,0.6460871696472168
96,0.05988384783267975,0.6214426755905151,0.06274581700563431,0.6460930705070496
97,0.05989011004567146,0.6218457818031311,0.06292680650949478,0.6462758779525757
98,0.05993298813700676,0.622296929359436,0.0628802552819252,0.6460370421409607
99,0.059849489480257034,0.6223891973495483,0.0628572329878807,0.6459810137748718
100,0.0599079430103302,0.6223537921905518,0.06300640851259232,0.6461431980133057
101,0.05981406942009926,0.6216043829917908,0.06284236162900925,0.6460665464401245
102,0.05979715287685394,0.6222425699234009,0.06298574060201645,0.6459721922874451
103,0.05975240468978882,0.6218698024749756,0.06282605230808258,0.6460488438606262
104,0.0597638376057148,0.6216486096382141,0.06285019963979721,0.645818829536438
105,0.05989205837249756,0.6219026446342468,0.06292897462844849,0.6461844444274902
106,0.05983070656657219,0.6220985054969788,0.06280463188886642,0.6457775831222534
107,0.059802014380693436,0.6219077110290527,0.06285545229911804,0.6458748579025269
108,0.0597589947283268,0.6221326589584351,0.06284470111131668,0.6459662914276123
109,0.059839993715286255,0.6218015551567078,0.06293284147977829,0.6462404727935791
110,0.059777237474918365,0.6223752498626709,0.06288754940032959,0.6463319063186646
111,0.059856776148080826,0.6222109794616699,0.06280513852834702,0.6460016369819641
112,0.05979186296463013,0.6213617920875549,0.06295903772115707,0.6458512544631958
113,0.05980738624930382,0.6228213906288147,0.06292504817247391,0.6461785435676575
114,0.059876035898923874,0.62199866771698,0.0627642497420311,0.6457746028900146
115,0.059832364320755005,0.6218811869621277,0.06285710632801056,0.6458394527435303
116,0.059841055423021317,0.6219759583473206,0.06298226863145828,0.6463555097579956
117,0.059836216270923615,0.621882438659668,0.06293053179979324,0.6462286710739136
118,0.059772443026304245,0.6216979026794434,0.06294404715299606,0.6459751129150391
119,0.05982140079140663,0.6227012872695923,0.06293544173240662,0.6459397077560425
120,0.059812016785144806,0.621957004070282,0.06298605352640152,0.6461520195007324
121,0.05987580120563507,0.6222943663597107,0.0628819614648819,0.6462316513061523
122,0.05975321680307388,0.6216486096382141,0.06289121508598328,0.646084189414978
123,0.059747472405433655,0.622296929359436,0.06302040070295334,0.6458984613418579
124,0.05976982042193413,0.6215829253196716,0.06282321363687515,0.6462906002998352
125,0.05977330356836319,0.6218912601470947,0.0628722608089447,0.6462463736534119
126,0.05981944501399994,0.6220505237579346,0.06291390210390091,0.6458895802497864
127,0.05982393026351929,0.6221579313278198,0.0628846287727356,0.6462080478668213
128,0.059789303690195084,0.622237503528595,0.06284576654434204,0.6461431980133057
129,0.05982375144958496,0.621759831905365,0.06301817297935486,0.6460252404212952
130,0.05986380577087402,0.6215071082115173,0.06281422823667526,0.6459662914276123
131,0.05984479933977127,0.6220454573631287,0.06297804415225983,0.6460724472999573
132,0.0597442090511322,0.6221945881843567,0.06277497857809067,0.6459928154945374
133,0.05978887155652046,0.6225976943969727,0.06286151707172394,0.6462169289588928
134,0.059823401272296906,0.6215980648994446,0.06289485841989517,0.6461048722267151
135,0.05975900590419769,0.6215285658836365,0.06294980645179749,0.646081268787384
136,0.05979796499013901,0.6216612458229065,0.06297348439693451,0.6463643312454224
137,0.059775516390800476,0.6218331456184387,0.06285208463668823,0.6460488438606262
138,0.05983585864305496,0.6221465468406677,0.06285253912210464,0.6458601355552673
139,0.05979210510849953,0.6221566200256348,0.0627201646566391,0.6460665464401245
140,0.05977199599146843,0.6212720274925232,0.06290573626756668,0.6459338068962097
141,0.05987663194537163,0.6216751933097839,0.06283777207136154,0.645927906036377
142,0.0598430298268795,0.6221275925636292,0.06292884796857834,0.6461844444274902
143,0.05980704352259636,0.6214641332626343,0.06283002346754074,0.6462552547454834
144,0.05985068529844284,0.6221250295639038,0.06293851137161255,0.6463908553123474
145,0.059772562235593796,0.6227998733520508,0.06277722120285034,0.6461431980133057
146,0.05980809032917023,0.621404767036438,0.062986359000206,0.6461520195007324
147,0.05979162082076073,0.6225408315658569,0.06291808187961578,0.6464085578918457
148,0.059850987046957016,0.6218305826187134,0.06291253864765167,0.6465029120445251
149,0.05978028103709221,0.6217699646949768,0.06288164108991623,0.6463260054588318
150,0.0597921721637249,0.6219380497932434,0.06288452446460724,0.6460340619087219
151,0.059809327125549316,0.6217623949050903,0.06296922266483307,0.6461844444274902
152,0.05975046008825302,0.6217131018638611,0.06285396963357925,0.6461195945739746
153,0.05974554270505905,0.622593879699707,0.0627376139163971,0.6462994813919067
154,0.05980246514081955,0.6226001977920532,0.06302827596664429,0.6458365321159363
155,0.05973777920007706,0.6214653849601746,0.06272788345813751,0.645948588848114
156,0.059746116399765015,0.6217143535614014,0.0628497526049614,0.6462345719337463
157,0.059800975024700165,0.6217510104179382,0.06290668249130249,0.6461107730865479
158,0.059817057102918625,0.6220593452453613,0.0628565177321434,0.6458925604820251
159,0.05971171334385872,0.6220265030860901,0.06271910667419434,0.6462522745132446
160,0.05969806760549545,0.6222577691078186,0.06286467611789703,0.6459839344024658
161,0.059733256697654724,0.6223044991493225,0.0629003494977951,0.6460930705070496
162,0.05978311970829964,0.6218798756599426,0.0628906786441803,0.6459751129150391
163,0.05977873131632805,0.6221490502357483,0.06287110596895218,0.6460311412811279
164,0.05981375649571419,0.6216928958892822,0.06287144124507904,0.6460105180740356
165,0.05981585383415222,0.6215904951095581,0.06288893520832062,0.6459692120552063
166,0.059810712933540344,0.6218571662902832,0.0629064217209816,0.646213948726654
167,0.05980650708079338,0.621744692325592,0.06291163712739944,0.6463643312454224
168,0.059747807681560516,0.6222135424613953,0.06288411468267441,0.6462286710739136
169,0.05973704904317856,0.6224434971809387,0.06297221779823303,0.6461756229400635
170,0.05982108786702156,0.6219001412391663,0.06288290023803711,0.6461579203605652
171,0.05969223007559776,0.6223095655441284,0.06297088414430618,0.646054744720459
172,0.05975047126412392,0.6218445301055908,0.06290146708488464,0.6461756229400635
0,0.05992678552865982,0.6223487257957458,0.06257370114326477,0.6461962461471558
1,0.05997797101736069,0.6220176219940186,0.0627887099981308,0.6465265154838562
2,0.05991542711853981,0.6225559711456299,0.06269596517086029,0.6463673114776611
3,0.05990103259682655,0.6222160458564758,0.06263108551502228,0.646429181098938
4,0.05999339744448662,0.622748076915741,0.0626068264245987,0.646558940410614
5,0.059889864176511765,0.6216195821762085,0.06268413364887238,0.6464704871177673
6,0.05990844964981079,0.6219797134399414,0.06267652660608292,0.6463790535926819
7,0.05993333458900452,0.6223815679550171,0.06267132610082626,0.6463731527328491
8,0.059900056570768356,0.6226292848587036,0.06278872489929199,0.646691620349884
9,0.059963636100292206,0.6225079894065857,0.06274077296257019,0.6466827988624573
10,0.059927087277173996,0.622179388999939,0.06274300068616867,0.6464468836784363
11,0.05992479249835014,0.6224687695503235,0.06273765861988068,0.6468183994293213
12,0.05989566817879677,0.6227089166641235,0.06272794306278229,0.6466503739356995
13,0.059928495436906815,0.6222716569900513,0.06279665231704712,0.6467417478561401
14,0.059909168630838394,0.6225256323814392,0.06282700598239899,0.6467240452766418
15,0.05990742892026901,0.623136043548584,0.06265640258789062,0.64668869972229
16,0.05992035195231438,0.6225559711456299,0.06263662129640579,0.6467034220695496
17,0.05996066704392433,0.6224662661552429,0.06269747018814087,0.6464409828186035
18,0.059894829988479614,0.6221970915794373,0.06282554566860199,0.6467682719230652
19,0.05987802892923355,0.6223360896110535,0.06287863105535507,0.6467447280883789
20,0.05988829955458641,0.6221806406974792,0.06266739219427109,0.6463702321052551
21,0.059942711144685745,0.6225686073303223,0.06284236162900925,0.6465442180633545
22,0.059884604066610336,0.622312068939209,0.06273242831230164,0.6467535495758057
23,0.0598885677754879,0.622355043888092,0.06274712830781937,0.6465206146240234
24,0.05984971672296524,0.6226052641868591,0.06269863992929459,0.6466739177703857
25,0.059889182448387146,0.6221263408660889,0.06275603920221329,0.6466827988624573
26,0.0598379448056221,0.6227126717567444,0.06267423927783966,0.6465501189231873
27,0.059878990054130554,0.6221806406974792,0.06274650245904922,0.6463525295257568
28,0.05993330106139183,0.6220176219940186,0.06281440705060959,0.6465825438499451
29,0.059898264706134796,0.6229767799377441,0.0627017617225647,0.6464970111846924
30,0.059930428862571716,0.6221149563789368,0.06274084001779556,0.6462611556053162
31,0.05988196283578873,0.6229894161224365,0.06267021596431732,0.6465707421302795
