epoch,loss,mTA,val_loss,val_mTA
0,0.07054346799850464,0.5217379927635193,0.044074926525354385,0.635277271270752
0,0.047392189502716064,0.5325343012809753,0.04378180578351021,0.6357092261314392
1,0.04516598954796791,0.5364136099815369,0.04036516696214676,0.6352286338806152
0,0.043838981539011,0.5393350720405579,0.04334054887294769,0.6290296912193298
1,0.04241322726011276,0.5424195528030396,0.03793780133128166,0.6339947581291199
2,0.04155175760388374,0.5442398190498352,0.04612334817647934,0.6312866806983948
3,0.040890198200941086,0.5446498394012451,0.04496484249830246,0.6324099898338318
4,0.040154244750738144,0.5469831228256226,0.04520503431558609,0.6342822313308716
5,0.03949249908328056,0.5487281680107117,0.03438660129904747,0.6329672336578369
6,0.03872470185160637,0.549515426158905,0.03904704377055168,0.6338045597076416
0,0.03949708864092827,0.5484659671783447,0.03533858060836792,0.6347525119781494
1,0.037963662296533585,0.550413191318512,0.033564500510692596,0.6342778205871582
0,0.03844194859266281,0.5515245795249939,0.04598766565322876,0.6353583931922913
1,0.038510117679834366,0.551529586315155,0.04080270603299141,0.6339343190193176
0,0.038423601537942886,0.5516585111618042,0.03990728780627251,0.6337220072746277
1,0.038421373814344406,0.5522473454475403,0.036338407546281815,0.6338252425193787
0,0.03829199820756912,0.5523958206176758,0.032942600548267365,0.6358581185340881
0,0.03413192555308342,0.5564817190170288,0.03189564123749733,0.6365657448768616
0,0.03247588127851486,0.5603148937225342,0.030597759410738945,0.639801561832428
1,0.03194994479417801,0.5622242093086243,0.029805045574903488,0.6380060315132141
2,0.0318947359919548,0.5624637007713318,0.030891818925738335,0.6374576091766357
3,0.03196872025728226,0.5628560185432434,0.03163473680615425,0.6386016011238098
4,0.031474437564611435,0.5639989376068115,0.031160850077867508,0.6371878385543823
5,0.03161616250872612,0.5644153356552124,0.030759943649172783,0.636394739151001
6,0.03173902630805969,0.5650838017463684,0.031131424009799957,0.638224184513092
7,0.03143730387091637,0.5655961632728577,0.030046524479985237,0.6380841732025146
8,0.031414829194545746,0.5654534101486206,0.02964766137301922,0.6390364766120911
9,0.03226099908351898,0.5654836893081665,0.03129298985004425,0.6392045021057129
10,0.031364280730485916,0.565698504447937,0.033538155257701874,0.6388860940933228
11,0.031467944383621216,0.566672146320343,0.030290760099887848,0.6359229683876038
12,0.03149076923727989,0.56733238697052,0.02911037765443325,0.6381902694702148
13,0.031339939683675766,0.5676962733268738,0.03125270456075668,0.6374590992927551
14,0.03132779896259308,0.5674126148223877,0.030323274433612823,0.6371244788169861
15,0.031203938648104668,0.5670979619026184,0.029449833557009697,0.6371170878410339
16,0.030827978625893593,0.5687021613121033,0.030394043773412704,0.6364050507545471
0,0.03136357292532921,0.5669735074043274,0.03134431689977646,0.6392354965209961
0,0.0310362596064806,0.5670449137687683,0.03216678649187088,0.6377819180488586
1,0.030851949006319046,0.5687760710716248,0.03440789505839348,0.6367971897125244
2,0.03115864098072052,0.5688025951385498,0.045229606330394745,0.6360659599304199
3,0.03128672391176224,0.5680861473083496,0.03266853094100952,0.6379455924034119
4,0.031060367822647095,0.5689535737037659,0.029410138726234436,0.636219322681427
5,0.030790816992521286,0.569676399230957,0.03102111630141735,0.6357917785644531
0,0.03179869428277016,0.567363977432251,0.029713846743106842,0.6360085010528564
1,0.03075414150953293,0.5695677399635315,0.030254555866122246,0.6339976787567139
2,0.031077304854989052,0.5698703527450562,0.028456224128603935,0.632603108882904
3,0.03107817843556404,0.56938636302948,0.029895056039094925,0.6329952478408813
4,0.031072717159986496,0.5693333148956299,0.028506921604275703,0.6321844458580017
5,0.03109777718782425,0.5698153972625732,0.03156458958983421,0.633965253829956
6,0.03129386529326439,0.569090723991394,0.031646739691495895,0.6311702132225037
7,0.03102377988398075,0.5696808099746704,0.03109760396182537,0.6307323575019836
8,0.030828358605504036,0.5707100033760071,0.028177497908473015,0.6322876214981079
9,0.03066680207848549,0.5707378387451172,0.03157350793480873,0.6300881505012512
10,0.0307029839605093,0.5699928998947144,0.02923075668513775,0.6311540007591248
11,0.030715955421328545,0.570980429649353,0.029593242332339287,0.6315431594848633
12,0.030959898605942726,0.5707062482833862,0.029387032613158226,0.6317082643508911
13,0.030672907829284668,0.5714744925498962,0.028450941666960716,0.6327874064445496
14,0.030333230271935463,0.5725030899047852,0.031398575752973557,0.6309903860092163
15,0.030470818281173706,0.5721448659896851,0.030510714277625084,0.6271353363990784
