epoch,loss,mTA,val_loss,val_mTA
0,0.5907216668128967,0.5002641081809998,0.5797677040100098,0.5041439533233643
0,0.5906685590744019,0.5007177591323853,0.5795982480049133,0.5043812990188599
1,0.5894283652305603,0.5012004375457764,0.5794244408607483,0.5042574405670166
2,0.5897318720817566,0.5010532140731812,0.5792555809020996,0.5042677521705627
3,0.5898048281669617,0.5006191730499268,0.5790433883666992,0.504351794719696
4,0.5897735357284546,0.5006539225578308,0.5786842703819275,0.5043975114822388
5,0.5884994268417358,0.5005995631217957,0.5749459266662598,0.5045390129089355
6,0.5785180330276489,0.5009938478469849,0.5618564486503601,0.5055164098739624
7,0.5692747235298157,0.5005648136138916,0.5467351675033569,0.5053247809410095
8,0.5593988299369812,0.5012092590332031,0.5357690453529358,0.5055488348007202
9,0.5577733516693115,0.500116229057312,0.5352849960327148,0.5055797696113586
10,0.5574859380722046,0.5007215142250061,0.5314762592315674,0.5061798095703125
11,0.5564273595809937,0.5002407431602478,0.5290539860725403,0.5062947869300842
12,0.5560275912284851,0.5014992952346802,0.5287283062934875,0.505929172039032
13,0.5558475852012634,0.5006242394447327,0.5295220613479614,0.5059719085693359
14,0.5555473566055298,0.5005616545677185,0.5284064412117004,0.5061060786247253
15,0.5555968880653381,0.5006728768348694,0.5272552371025085,0.5061753988265991
16,0.5550753474235535,0.500444769859314,0.5275664925575256,0.5061075687408447
17,0.5551379919052124,0.500922441482544,0.5267156958580017,0.5058304071426392
18,0.5553622245788574,0.5002899765968323,0.5270535945892334,0.506197452545166
19,0.5550842881202698,0.5006608963012695,0.5262426137924194,0.5063080191612244
0,0.5536535382270813,0.5001446604728699,0.5241657495498657,0.506061851978302
1,0.5545137524604797,0.5000473856925964,0.5261297225952148,0.506436288356781
2,0.5544774532318115,0.5004675388336182,0.5239571928977966,0.5062151551246643
3,0.5534884929656982,0.500832736492157,0.5236348509788513,0.5062652826309204
4,0.5542770028114319,0.5005155801773071,0.5243448615074158,0.5059615969657898
5,0.5540006756782532,0.5003645420074463,0.5223872065544128,0.5064347982406616
6,0.5539363622665405,0.5006577372550964,0.5229524374008179,0.5064038634300232
7,0.5532386898994446,0.5007973313331604,0.5219403505325317,0.5064244866371155
8,0.5529096126556396,0.5001857280731201,0.5211860537528992,0.5061857104301453
9,0.553318202495575,0.500048041343689,0.5205681920051575,0.5063198208808899
10,0.5524752736091614,0.49971693754196167,0.5216797590255737,0.5060942769050598
11,0.5524290800094604,0.5005465149879456,0.5193751454353333,0.5055842399597168
12,0.5532115697860718,0.50057053565979,0.5189890265464783,0.5059453845024109
13,0.5523234009742737,0.5007455348968506,0.5207691192626953,0.5061842203140259
14,0.5525792837142944,0.5002362728118896,0.51942378282547,0.5061694979667664
15,0.5520371198654175,0.5004150867462158,0.5183264017105103,0.5060530304908752
16,0.5517618656158447,0.5006324648857117,0.51832115650177,0.5058525204658508
17,0.5518673062324524,0.5004978775978088,0.516099750995636,0.5061665177345276
18,0.5514336228370667,0.5002647042274475,0.5165828466415405,0.506473183631897
19,0.5511555671691895,0.5005446076393127,0.5178806185722351,0.5061635971069336
20,0.5502311587333679,0.5000612735748291,0.5144362449645996,0.5057920813560486
21,0.5505828857421875,0.5001630187034607,0.5162270069122314,0.5062048435211182
22,0.5506343841552734,0.500247061252594,0.5180983543395996,0.5063891410827637
23,0.5511500239372253,0.5004852414131165,0.5169428586959839,0.5063891410827637
24,0.5503520369529724,0.5002255439758301,0.5138735175132751,0.5059438943862915
25,0.5497205853462219,0.5001118183135986,0.513774573802948,0.5059748888015747
26,0.5500879883766174,0.5004239678382874,0.5143722295761108,0.5062726736068726
27,0.5498944520950317,0.49969482421875,0.5131586790084839,0.505823016166687
28,0.5505934953689575,0.5002053380012512,0.5127965807914734,0.5059011578559875
29,0.5495858788490295,0.5005142688751221,0.5127913355827332,0.5060014128684998
30,0.5495566725730896,0.500554084777832,0.5128129124641418,0.5062726736068726
31,0.5497222542762756,0.5004574060440063,0.511173665523529,0.5058068037033081
32,0.5494290590286255,0.5005180835723877,0.5154473781585693,0.506191611289978
33,0.5487997531890869,0.5005471706390381,0.5133746862411499,0.5060559511184692
34,0.5491573214530945,0.5009635090827942,0.5126630067825317,0.5061193704605103
