epoch,loss,mTA,val_loss,val_mTA
0,0.4693669378757477,0.5053863525390625,0.14046548306941986,0.6085735559463501
0,0.27143457531929016,0.5114191174507141,0.11946891993284225,0.624569296836853
0,0.24250537157058716,0.5127243995666504,0.11800262331962585,0.6265125870704651
0,0.23924735188484192,0.5139724612236023,0.11956646293401718,0.6264371275901794
1,0.23866672813892365,0.5138183236122131,0.11866939067840576,0.6273594498634338
2,0.23763100802898407,0.5144336223602295,0.11945999413728714,0.6272231340408325
3,0.2370564043521881,0.5143030881881714,0.11919951438903809,0.6275421977043152
4,0.2362964153289795,0.5137425065040588,0.11795955896377563,0.6276292204856873
5,0.23555278778076172,0.5141825079917908,0.1178239956498146,0.627289891242981
6,0.23467397689819336,0.5139251947402954,0.1179930791258812,0.6278061270713806
7,0.2340763956308365,0.514053225517273,0.11731860786676407,0.6281396746635437
8,0.23291367292404175,0.5138990879058838,0.11749586462974548,0.6278119087219238
9,0.23235169053077698,0.5141527056694031,0.11753468960523605,0.6279540657997131
10,0.23167584836483002,0.5149022936820984,0.11733140051364899,0.627785861492157
0,0.23045215010643005,0.5146834850311279,0.11584863066673279,0.6295695900917053
1,0.2248743623495102,0.5154915452003479,0.1135377585887909,0.6308486461639404
2,0.2194209098815918,0.5163803100585938,0.11292726546525955,0.6319189071655273
3,0.21429196000099182,0.5173947215080261,0.11299453675746918,0.6320059299468994
4,0.21017204225063324,0.5170652866363525,0.11112028360366821,0.6328731179237366
5,0.206041619181633,0.5189274549484253,0.110346220433712,0.6337084770202637
6,0.202213317155838,0.5190616846084595,0.11087304353713989,0.6341000199317932
7,0.19863960146903992,0.5192953944206238,0.10742800682783127,0.634540855884552
8,0.1953066885471344,0.5207374095916748,0.10732081532478333,0.6342276334762573
0,0.19202809035778046,0.5197727680206299,0.10544215887784958,0.6341058015823364
1,0.18902592360973358,0.5212097764015198,0.10694825649261475,0.6343900561332703
2,0.1861998438835144,0.521683394908905,0.1054849922657013,0.6342711448669434
3,0.1835533082485199,0.5226815938949585,0.10569929331541061,0.6348280310630798
4,0.18112626671791077,0.5222117304801941,0.10474081337451935,0.6349846124649048
5,0.17867568135261536,0.5243883728981018,0.10343992710113525,0.635036826133728
6,0.1763278692960739,0.5236015319824219,0.10509521514177322,0.6352659463882446
7,0.17402283847332,0.5249341130256653,0.10254856944084167,0.6353558897972107
8,0.17199355363845825,0.5251131057739258,0.10249482840299606,0.6356459259986877
9,0.16982030868530273,0.5257632732391357,0.10126189142465591,0.6360403895378113
10,0.16807067394256592,0.5263723731040955,0.1021755114197731,0.6361534595489502
11,0.16586661338806152,0.5261262655258179,0.10079192370176315,0.6365798711776733
12,0.16427122056484222,0.5282283425331116,0.101803258061409,0.6364087462425232
13,0.16257381439208984,0.5279523730278015,0.10064471513032913,0.6364464163780212
14,0.16079182922840118,0.5288436412811279,0.10133401304483414,0.6367393732070923
15,0.15912914276123047,0.5282109379768372,0.09831469506025314,0.6371599435806274
16,0.15758448839187622,0.5297337174415588,0.09981103241443634,0.6371773481369019
17,0.15627031028270721,0.5300619006156921,0.10009833425283432,0.6375137567520142
18,0.1546129733324051,0.5311421751976013,0.09928306192159653,0.6377283930778503
19,0.152943953871727,0.5309706330299377,0.098568394780159,0.6381141543388367
20,0.15161509811878204,0.5320894122123718,0.0995866134762764,0.6381692886352539
21,0.15049901604652405,0.5329732298851013,0.09879487007856369,0.6385056972503662
22,0.14923624694347382,0.5327035188674927,0.09831557422876358,0.6390249133110046
23,0.1478574126958847,0.5327855348587036,0.09956004470586777,0.638905942440033
24,0.14686384797096252,0.5351511836051941,0.09824862331151962,0.6391234993934631
25,0.14570167660713196,0.5341964364051819,0.09754210710525513,0.6393526196479797
26,0.14475660026073456,0.5356197953224182,0.09781821817159653,0.638792872428894
27,0.14381907880306244,0.535681962966919,0.09818870574235916,0.6395382285118103
28,0.14280827343463898,0.5360063910484314,0.09697549790143967,0.6396861672401428
29,0.14191825687885284,0.5357801914215088,0.09633145481348038,0.640309751033783
30,0.14099393784999847,0.5367907881736755,0.09666857868432999,0.6401125192642212
31,0.14035718142986298,0.5374658107757568,0.09843311458826065,0.6402372717857361
32,0.13941003382205963,0.5370493531227112,0.09641475230455399,0.64064621925354
33,0.13877612352371216,0.5375702381134033,0.09626754373311996,0.6403242349624634
34,0.1381474733352661,0.5381209254264832,0.0958947017788887,0.6409797668457031
35,0.13717804849147797,0.5376672148704529,0.09707161784172058,0.6409420371055603
36,0.1366467922925949,0.540019154548645,0.09656614065170288,0.6408608555793762
37,0.1361994445323944,0.5385398268699646,0.09726398438215256,0.6410029530525208
38,0.13538920879364014,0.5393714904785156,0.09576132893562317,0.6408898234367371
39,0.13470321893692017,0.5395330786705017,0.09587576985359192,0.6405853033065796
40,0.1342412829399109,0.5396984219551086,0.09540271759033203,0.6406636238098145
41,0.1337723582983017,0.5407339334487915,0.09663267433643341,0.640808641910553
42,0.13307471573352814,0.5406854748725891,0.09547019749879837,0.640559196472168
43,0.13274887204170227,0.5411031246185303,0.09601683169603348,0.6409043669700623
44,0.13212981820106506,0.5413915514945984,0.09588291496038437,0.640762209892273
45,0.13143330812454224,0.5417035222053528,0.09551883488893509,0.6407448053359985
46,0.13107655942440033,0.5417607426643372,0.09558621793985367,0.6408376097679138
47,0.1305161565542221,0.5427937507629395,0.09481704235076904,0.6411276459693909
48,0.1300314962863922,0.5419968962669373,0.0951213464140892,0.640846312046051
49,0.12946458160877228,0.5438839197158813,0.09450890123844147,0.6409710645675659
50,0.12920288741588593,0.5429478883743286,0.09515558928251266,0.641298770904541
51,0.1286928951740265,0.5434799194335938,0.09462320804595947,0.6412523984909058
52,0.12824568152427673,0.5435905456542969,0.09417349100112915,0.6408898234367371
53,0.12783093750476837,0.5443575382232666,0.0937824547290802,0.6411190032958984
54,0.1276721954345703,0.5445514917373657,0.09370287507772446,0.6415714621543884
55,0.12709636986255646,0.54539555311203,0.09323018044233322,0.6409304738044739
56,0.12653008103370667,0.5455111861228943,0.09351883828639984,0.6412785053253174
57,0.1261788010597229,0.5450002551078796,0.09322786331176758,0.6412785053253174
58,0.1256982684135437,0.5461961030960083,0.09344839304685593,0.6413220167160034
59,0.12532652914524078,0.5465777516365051,0.09386371821165085,0.6414728164672852
60,0.12514643371105194,0.5463614463806152,0.09432490170001984,0.6411740779876709
61,0.12460099160671234,0.5465118885040283,0.09298659861087799,0.6415714621543884
62,0.12413185834884644,0.5470041036605835,0.09270419925451279,0.6415424346923828
63,0.12387610971927643,0.5469618439674377,0.0948953703045845,0.6416178345680237
64,0.12356900423765182,0.547475278377533,0.09385614097118378,0.6412233710289001
65,0.12305513024330139,0.5476791262626648,0.09421204775571823,0.6413829326629639
66,0.12292521446943283,0.548507034778595,0.093738853931427,0.6411972641944885
67,0.12243250012397766,0.5480321645736694,0.09372033923864365,0.6413509845733643
68,0.12217254936695099,0.5484138131141663,0.09347574412822723,0.6418933868408203
69,0.12185880541801453,0.5486860275268555,0.09279277175664902,0.6414670348167419
70,0.12146784365177155,0.5493075847625732,0.09321838617324829,0.6416497230529785
71,0.1212623193860054,0.5497103333473206,0.09363368153572083,0.6413596868515015
72,0.12102999538183212,0.5498359203338623,0.09331987053155899,0.6416555643081665
73,0.12065870314836502,0.5494319200515747,0.09231701493263245,0.641754150390625
74,0.12031054496765137,0.5503368973731995,0.09260678291320801,0.6417077779769897
75,0.12022767961025238,0.5497078895568848,0.09201841056346893,0.6418353915214539
76,0.11990755051374435,0.5503953099250793,0.09224526584148407,0.6416671276092529
77,0.11963959038257599,0.5504972338676453,0.09424370527267456,0.6416758298873901
78,0.11938029527664185,0.5513363480567932,0.09235762804746628,0.6413133144378662
79,0.11920362710952759,0.5503120422363281,0.09251164644956589,0.6418556571006775
80,0.11880800873041153,0.5510218143463135,0.09384147822856903,0.6415656208992004
81,0.11876074224710464,0.5515240430831909,0.09284068644046783,0.6415250301361084
82,0.11838581413030624,0.5522997379302979,0.09327112883329391,0.6411247849464417
83,0.1180342435836792,0.5520498752593994,0.09288094192743301,0.6416671276092529
84,0.11785486340522766,0.5519292950630188,0.09251668304204941,0.6416236162185669
85,0.11774468421936035,0.5529859066009521,0.09235721081495285,0.6418121457099915
86,0.11755931377410889,0.5531189441680908,0.09228505939245224,0.6416178345680237
87,0.11735419183969498,0.5528305172920227,0.09300781041383743,0.6415743231773376
88,0.11707649379968643,0.5528380274772644,0.09267570823431015,0.6415018439292908
89,0.11681557446718216,0.5529561042785645,0.09136004000902176,0.641794741153717
90,0.1166759505867958,0.5537430047988892,0.09199901670217514,0.6414583325386047
91,0.11649458110332489,0.5540512800216675,0.09181003272533417,0.6416323184967041
92,0.1163008064031601,0.5527783036231995,0.09243261069059372,0.6418324708938599
93,0.11611157655715942,0.5536882877349854,0.09196684509515762,0.6418440937995911
94,0.11594370752573013,0.5543085932731628,0.09388792514801025,0.6416613459587097
95,0.11593396961688995,0.5545124411582947,0.09363267570734024,0.6418498754501343
96,0.1154901459813118,0.5554025173187256,0.09126091748476028,0.6414844393730164
97,0.11539873480796814,0.5549575090408325,0.09311249107122421,0.6417628526687622
98,0.11523009836673737,0.5554335713386536,0.09147550910711288,0.6418585777282715
99,0.11494018137454987,0.5554074645042419,0.0927329733967781,0.6416642665863037
100,0.11494683474302292,0.5553664565086365,0.09078764170408249,0.6421515345573425
101,0.11477014422416687,0.5557070970535278,0.09297983348369598,0.6418266892433167
102,0.11462383717298508,0.5563907623291016,0.09167983382940292,0.6418846845626831
103,0.11437308043241501,0.5558152198791504,0.0919128805398941,0.6418150663375854
104,0.11420075595378876,0.5558052659034729,0.09240620583295822,0.6417860388755798
105,0.1141253113746643,0.5559445023536682,0.09188295155763626,0.6419804096221924
106,0.11378943920135498,0.5567201972007751,0.09185027331113815,0.6419310569763184
107,0.11380147933959961,0.5574933886528015,0.09057179093360901,0.6415975689888
108,0.11357737332582474,0.5562975406646729,0.09143324196338654,0.6417425870895386
109,0.11352967470884323,0.5566033720970154,0.09116867929697037,0.6417831778526306
110,0.11323719471693039,0.5565735101699829,0.09155033528804779,0.6417918801307678
111,0.1132858619093895,0.5571030974388123,0.09121852368116379,0.641800582408905
112,0.11303801089525223,0.5579471588134766,0.09224855899810791,0.6418295502662659
113,0.11300107836723328,0.5581199526786804,0.09082430601119995,0.6417715549468994
114,0.11268816888332367,0.5579272508621216,0.0908239558339119,0.6421602368354797
115,0.11253150552511215,0.5580341815948486,0.0911533311009407,0.6419165730476379
116,0.1125156357884407,0.558417022228241,0.09243942052125931,0.6419484615325928
117,0.1123286783695221,0.558543860912323,0.09142223000526428,0.6419252753257751
118,0.1122044250369072,0.5584729909896851,0.09077557176351547,0.6419948935508728
119,0.11205562949180603,0.5578750371932983,0.09150172024965286,0.6418121457099915
120,0.11192624270915985,0.5584195256233215,0.09148561209440231,0.641710638999939
121,0.11182340979576111,0.5590684413909912,0.09195636212825775,0.6418702006340027
122,0.11160270124673843,0.5588371753692627,0.09124784171581268,0.6420732140541077
123,0.11142083257436752,0.5585139989852905,0.09195632487535477,0.6418411731719971
124,0.11138010770082474,0.5594860911369324,0.09082823991775513,0.6418469548225403
125,0.11132116615772247,0.5593729615211487,0.0910252183675766,0.6421312093734741
126,0.11120014637708664,0.5589975714683533,0.09079601615667343,0.6420558094978333
127,0.11111967265605927,0.5586035251617432,0.09103863686323166,0.6423197388648987
128,0.11102081835269928,0.5605166554450989,0.09144142270088196,0.6421689391136169
129,0.11070271581411362,0.5600815415382385,0.09139447659254074,0.6423052549362183
130,0.11075427383184433,0.5598838925361633,0.09013180434703827,0.6422617435455322
131,0.11054804176092148,0.5601337552070618,0.09282230585813522,0.6421892046928406
132,0.11051249504089355,0.5596961975097656,0.0906967893242836,0.642296552658081
133,0.11034256964921951,0.5607851147651672,0.09058361500501633,0.6422153115272522
134,0.1102014034986496,0.5612090229988098,0.09130789339542389,0.6419310569763184
135,0.11011243611574173,0.5614738464355469,0.08989796042442322,0.6422356367111206
136,0.11001376807689667,0.560930609703064,0.09107965975999832,0.6420210003852844
137,0.10982948541641235,0.561521053314209,0.09157807379961014,0.64200359582901
138,0.10972602665424347,0.560721755027771,0.08995279669761658,0.6420645117759705
139,0.10955902189016342,0.5625466108322144,0.09094744175672531,0.6423284411430359
140,0.10961253941059113,0.5613594651222229,0.09010124951601028,0.6423081159591675
141,0.1094159483909607,0.5616639852523804,0.09078416228294373,0.6420354843139648
142,0.10937324911355972,0.5612612366676331,0.09025523066520691,0.6420326232910156
143,0.10909002274274826,0.5623427629470825,0.09109430015087128,0.6422298550605774
144,0.10915583372116089,0.5619449615478516,0.09037604928016663,0.642412543296814
145,0.10899803042411804,0.5624856948852539,0.0906582847237587,0.642212450504303
146,0.10899525880813599,0.5618579387664795,0.09035994857549667,0.6421138048171997
147,0.1087624803185463,0.5628524422645569,0.09061042219400406,0.642412543296814
148,0.10870210081338882,0.5618392825126648,0.09014985710382462,0.6421051025390625
149,0.10868708044290543,0.5632427334785461,0.0907948687672615,0.6422733068466187
150,0.10855581611394882,0.5633533596992493,0.09083746373653412,0.6422588229179382
151,0.10848868638277054,0.5629456639289856,0.09072355926036835,0.6422617435455322
152,0.1083339974284172,0.5632377862930298,0.09065675735473633,0.6422733068466187
153,0.10815612971782684,0.5629580616950989,0.09031776338815689,0.6423603296279907
154,0.10822387784719467,0.5638207793235779,0.09103882312774658,0.6425053477287292
155,0.10802660882472992,0.5638667941093445,0.0907982811331749,0.6422472596168518
156,0.10794968158006668,0.5632762908935547,0.09137501567602158,0.6424821615219116
157,0.10785603523254395,0.5640370845794678,0.09059635549783707,0.6426039934158325
158,0.10781791806221008,0.5642484426498413,0.09224244207143784,0.6424850821495056
159,0.1077619418501854,0.5645592212677002,0.09054379910230637,0.6423313617706299
160,0.10755712538957596,0.5647121071815491,0.09084008634090424,0.6422472596168518
161,0.10765450447797775,0.5644473433494568,0.09076636284589767,0.6424705386161804
162,0.10750948637723923,0.5646089315414429,0.09185150265693665,0.6424415707588196
163,0.10743142664432526,0.5645964741706848,0.09022287279367447,0.6423255205154419
164,0.1073523759841919,0.5654778480529785,0.09050410240888596,0.6421805024147034
165,0.10715840756893158,0.5643901228904724,0.09136015176773071,0.6423835754394531
166,0.10712552070617676,0.5654517412185669,0.09042847901582718,0.6423168182373047
167,0.10702641308307648,0.5648600459098816,0.0916144922375679,0.6425662636756897
168,0.10696923732757568,0.564507007598877,0.0913352221250534,0.6425807476043701
169,0.10688137263059616,0.5657737255096436,0.09055063128471375,0.6424792408943176
170,0.10683000832796097,0.5654131770133972,0.09016069769859314,0.6423806548118591
171,0.10672634840011597,0.5646288394927979,0.08979849517345428,0.642496645450592
172,0.10664460808038712,0.5663890242576599,0.0903569757938385,0.6424618363380432
173,0.10655336827039719,0.5656655430793762,0.09076502174139023,0.642496645450592
174,0.10651934146881104,0.5659962296485901,0.09097881615161896,0.6424328684806824
175,0.10635767877101898,0.566141664981842,0.08983154594898224,0.6425634026527405
176,0.10629995167255402,0.5666625499725342,0.0906727984547615,0.642615556716919
177,0.10625196248292923,0.5668054819107056,0.09010444581508636,0.6424096822738647
178,0.10607920587062836,0.5667532682418823,0.09016519039869308,0.6425634026527405
179,0.10600709170103073,0.5665779709815979,0.08992348611354828,0.6426475048065186
180,0.10597705841064453,0.5665543675422668,0.0908784568309784,0.642615556716919
181,0.10598918050527573,0.566256046295166,0.09037419408559799,0.6423922777175903
182,0.10590282827615738,0.5664163827896118,0.08983977138996124,0.6423545479774475
183,0.10581828653812408,0.5666662454605103,0.08985676616430283,0.6426910161972046
184,0.10574039816856384,0.5665692687034607,0.08934245258569717,0.6425256729125977
185,0.10570253431797028,0.5671423673629761,0.09047169238328934,0.6424908638000488
186,0.1055850014090538,0.5663492679595947,0.08972249925136566,0.6422762274742126
187,0.10561077296733856,0.5673126578330994,0.09057247638702393,0.6425807476043701
188,0.10546521842479706,0.5668676495552063,0.0904906615614891,0.642499566078186
189,0.1053776666522026,0.5676408410072327,0.09039251506328583,0.6421718001365662
190,0.10528124123811722,0.5672231316566467,0.09037650376558304,0.6424183249473572
191,0.10522206872701645,0.5688789486885071,0.09003105014562607,0.6424647569656372
192,0.10521604865789413,0.5677850246429443,0.09015948325395584,0.6425285935401917
193,0.10511716455221176,0.5682499408721924,0.09072837233543396,0.6425894498825073
194,0.10513219237327576,0.5680100321769714,0.08969844877719879,0.6425691843032837
195,0.10493053495883942,0.5681368112564087,0.09011635184288025,0.6426068544387817
196,0.10493685305118561,0.5688279867172241,0.090066097676754,0.6426010727882385
197,0.1049947589635849,0.568402886390686,0.08972486853599548,0.6424937844276428
198,0.10481410473585129,0.5690306425094604,0.08941713720560074,0.6423052549362183
199,0.10480210930109024,0.5688852071762085,0.08986823260784149,0.6426184773445129
200,0.10462643951177597,0.5688180327415466,0.08964407444000244,0.6424067616462708
201,0.10459671169519424,0.5688230395317078,0.08910983800888062,0.6427866816520691
202,0.10456406325101852,0.5689722299575806,0.08987773954868317,0.6424647569656372
203,0.10453132539987564,0.5690070390701294,0.08944293111562729,0.6429201364517212
204,0.10449450463056564,0.5691139101982117,0.09000083804130554,0.642705500125885
205,0.10443779081106186,0.5691661238670349,0.08956649154424667,0.6425459980964661
206,0.10446747392416,0.5683481693267822,0.09018250554800034,0.6424067616462708
207,0.10432086139917374,0.5692245364189148,0.09061197936534882,0.6425778865814209
208,0.10424735397100449,0.5691624283790588,0.08922876417636871,0.642659068107605
209,0.10423696041107178,0.5692805051803589,0.08959237486124039,0.6426851749420166
210,0.10402920842170715,0.5695887804031372,0.08936988562345505,0.6427258253097534
211,0.10400286316871643,0.5695340633392334,0.08966609835624695,0.6428911089897156
212,0.10409115254878998,0.5705782771110535,0.0900736078619957,0.6424879431724548
213,0.10404883325099945,0.5698622465133667,0.09005160629749298,0.6426793932914734
214,0.10389862209558487,0.5697702765464783,0.09010295569896698,0.6427838206291199
215,0.10379357635974884,0.5703619718551636,0.08947103470563889,0.6425778865814209
0,0.10459470748901367,0.5691263675689697,0.08952344954013824,0.6427838206291199
1,0.10442129522562027,0.5691288113594055,0.08886933326721191,0.6428534388542175
2,0.10439896583557129,0.5694333910942078,0.08942359685897827,0.642749011516571
3,0.10436567664146423,0.5688864588737488,0.08945262432098389,0.642749011516571
4,0.1042872816324234,0.5696770548820496,0.0900346115231514,0.6427721977233887
5,0.10424118489027023,0.5691325664520264,0.08938278257846832,0.6427518725395203
6,0.10424787551164627,0.5699965357780457,0.08942294120788574,0.6427142024040222
7,0.10406863689422607,0.5700462460517883,0.08898533880710602,0.6427896022796631
8,0.10399773716926575,0.5700536966323853,0.08990483731031418,0.6429752111434937
9,0.10393337160348892,0.5700810551643372,0.08949217200279236,0.6430767178535461
10,0.10395613312721252,0.5704962611198425,0.08938337862491608,0.6428186297416687
11,0.10388600826263428,0.5703010559082031,0.09014038741588593,0.6423893570899963
12,0.10381630063056946,0.5707871317863464,0.08938983827829361,0.642659068107605
13,0.10381367802619934,0.5699567198753357,0.08999533206224442,0.6427925229072571
14,0.10375647246837616,0.5704005360603333,0.0892133042216301,0.6428331136703491
15,0.10378172993659973,0.5703035593032837,0.08933524787425995,0.6425140500068665
16,0.10347826778888702,0.5706503987312317,0.08924286812543869,0.6428795456886292
17,0.10348347574472427,0.5708977580070496,0.08954793214797974,0.6428621411323547
0,0.10444635897874832,0.5688976049423218,0.09021716564893723,0.6433725953102112
1,0.10449337959289551,0.570115864276886,0.08872948586940765,0.6433203816413879
2,0.1042867973446846,0.5693351626396179,0.08931206166744232,0.6432478427886963
3,0.10428004711866379,0.569465696811676,0.08986268937587738,0.6434915065765381
4,0.10421666502952576,0.5696732997894287,0.0893120989203453,0.6435726881027222
5,0.10407041758298874,0.5696322917938232,0.08972474932670593,0.6435726881027222
0,0.10695845633745193,0.569516658782959,0.09374574571847916,0.6430709362030029
1,0.10490722954273224,0.5695390701293945,0.08958341181278229,0.6430390477180481
2,0.1048269271850586,0.5700263381004333,0.0950169712305069,0.6435263156890869
3,0.10456646978855133,0.5701481699943542,0.0918978899717331,0.6438540816307068
4,0.10451267659664154,0.5706143379211426,0.09061163663864136,0.6437786221504211
5,0.10394708067178726,0.5713949799537659,0.0933275818824768,0.6438076496124268
6,0.10382828116416931,0.5718325972557068,0.09012681990861893,0.6436307430267334
7,0.10335884988307953,0.5720551013946533,0.09057921171188354,0.6438047289848328
8,0.10349998623132706,0.5728456974029541,0.08840975165367126,0.6438511610031128
9,0.10264542698860168,0.5740875601768494,0.08963444828987122,0.6441847085952759
10,0.10249170660972595,0.5737494230270386,0.08970779925584793,0.6437525153160095
11,0.10233402252197266,0.5735020637512207,0.08876875042915344,0.6441006064414978
12,0.10220012068748474,0.5746581554412842,0.08773598819971085,0.6441354155540466
13,0.10208864510059357,0.5747538805007935,0.08941259980201721,0.6440309882164001
14,0.10146643221378326,0.5746282935142517,0.08893369883298874,0.6443355083465576
15,0.10139486193656921,0.576146125793457,0.09033429622650146,0.6444834470748901
16,0.1011170968413353,0.5761560797691345,0.0922413021326065,0.6440919041633606
17,0.10121393203735352,0.5763736367225647,0.0882042646408081,0.643819272518158
18,0.10065510123968124,0.5768522024154663,0.0884890928864479,0.6441441178321838
19,0.10065176337957382,0.5772873163223267,0.088044174015522,0.6440483927726746
20,0.10037396103143692,0.5777783393859863,0.088337741792202,0.6441730856895447
21,0.10008617490530014,0.5777733325958252,0.09109282493591309,0.644271731376648
22,0.09999352693557739,0.5790189504623413,0.08716370910406113,0.6447444558143616
23,0.0996813178062439,0.5788038969039917,0.08807612210512161,0.6443586945533752
24,0.09967152029275894,0.5792091488838196,0.09046541899442673,0.6445240378379822
25,0.09927940368652344,0.5806436538696289,0.08784253895282745,0.6444370150566101
26,0.09921582788228989,0.5796293020248413,0.08783925324678421,0.644721269607544
27,0.09879285842180252,0.5806834697723389,0.08951340615749359,0.6446429491043091
28,0.0989108756184578,0.5805628895759583,0.08865617215633392,0.6446980834007263
29,0.09852989763021469,0.5809109210968018,0.08808737993240356,0.6446690559387207
30,0.09845370799303055,0.5813373327255249,0.08675463497638702,0.64471834897995
31,0.09831593185663223,0.5823119282722473,0.08709325641393661,0.6442021131515503
32,0.09791022539138794,0.5823144316673279,0.08696271479129791,0.6447560787200928
33,0.09808862209320068,0.5829508900642395,0.09089222550392151,0.6446429491043091
34,0.09782835096120834,0.5833971500396729,0.09088581055402756,0.644561767578125
35,0.09754329919815063,0.5833996534347534,0.08755645900964737,0.6449533104896545
0,0.09759832918643951,0.5818358063697815,0.0869772806763649,0.6438221335411072
1,0.09744055569171906,0.5817338824272156,0.08748691529035568,0.6437409520149231
2,0.0974687859416008,0.5828526616096497,0.08667124807834625,0.6437670588493347
3,0.09740093350410461,0.5827258825302124,0.08708933740854263,0.6440222859382629
4,0.09736555814743042,0.5820918679237366,0.08739892393350601,0.6437525153160095
5,0.09734437614679337,0.581889271736145,0.0875653550028801,0.6437467336654663
6,0.09729278087615967,0.5817450881004333,0.08719125390052795,0.6437206268310547
7,0.09724567830562592,0.5829570889472961,0.08774115145206451,0.6439236402511597
8,0.09720020741224289,0.5823144316673279,0.0865856483578682,0.6439062356948853
9,0.09720554947853088,0.5817102789878845,0.08768188208341599,0.6439120769500732
10,0.09714628010988235,0.582834005355835,0.08650990575551987,0.6438105702400208
11,0.09701033681631088,0.5829148292541504,0.08683719485998154,0.6438714265823364
12,0.09714167565107346,0.5824412107467651,0.08681521564722061,0.6438105702400208
13,0.09700921922922134,0.5828365087509155,0.08667316287755966,0.6435930132865906
14,0.09694302827119827,0.5826910734176636,0.0866822674870491,0.6437032222747803
15,0.0969749391078949,0.5833922028541565,0.08711057901382446,0.643819272518158
16,0.09683095663785934,0.5838633179664612,0.0874970406293869,0.6438453793525696
17,0.09688805788755417,0.5836370587348938,0.08753005415201187,0.6439178586006165
