epoch,loss,mTA,val_loss,val_mTA
0,0.936529815196991,0.4162410497665405,0.7479550838470459,0.4170014262199402
0,0.7770394086837769,0.4164600968360901,0.5841809511184692,0.41746699810028076
1,0.6590797305107117,0.41630491614341736,0.49813365936279297,0.41833826899528503
2,0.5977005958557129,0.4162677526473999,0.4483395516872406,0.4204498827457428
3,0.5608326196670532,0.4163038432598114,0.4163251519203186,0.42346784472465515
4,0.5351024866104126,0.4163169860839844,0.39473646879196167,0.427114874124527
5,0.5143506526947021,0.41647058725357056,0.37656164169311523,0.43047696352005005
6,0.4965147078037262,0.41658827662467957,0.3617032766342163,0.43384483456611633
7,0.4812702238559723,0.416742742061615,0.3496091663837433,0.43708470463752747
8,0.4683443009853363,0.41686955094337463,0.34006422758102417,0.44009628891944885
9,0.45751357078552246,0.4170835614204407,0.33250778913497925,0.4429386258125305
10,0.44808295369148254,0.41704651713371277,0.3265368938446045,0.4454229772090912
11,0.4398750364780426,0.4171280264854431,0.32163241505622864,0.44752249121665955
12,0.4326092600822449,0.4175546169281006,0.3177122175693512,0.44972240924835205
13,0.42621326446533203,0.417510062456131,0.314423143863678,0.45155414938926697
14,0.4204031825065613,0.41775748133659363,0.31144949793815613,0.45336511731147766
15,0.41519373655319214,0.41787734627723694,0.30886542797088623,0.4551123082637787
16,0.410493940114975,0.4180060029029846,0.3064578175544739,0.4566858112812042
17,0.4061587452888489,0.4182232618331909,0.3042655885219574,0.45830023288726807
18,0.40207380056381226,0.41828644275665283,0.3023439645767212,0.4599602222442627
19,0.3983607888221741,0.4184672236442566,0.30053651332855225,0.4615096151828766
20,0.3949413001537323,0.41856804490089417,0.29886719584465027,0.4629863202571869
21,0.39174726605415344,0.41872113943099976,0.29727885127067566,0.4645598828792572
22,0.3886791169643402,0.41893473267555237,0.2959279417991638,0.46590232849121094
23,0.38587188720703125,0.4190048277378082,0.2946234941482544,0.46726664900779724
24,0.3831528127193451,0.41913852095603943,0.29341214895248413,0.4685187339782715
25,0.3807465136051178,0.4193638265132904,0.2923700511455536,0.4697853624820709
26,0.37822747230529785,0.4194035232067108,0.29135310649871826,0.4708102345466614
27,0.37585633993148804,0.4194951057434082,0.2903888523578644,0.47184962034225464
28,0.3736009895801544,0.41969266533851624,0.28959667682647705,0.47282472252845764
29,0.3714137375354767,0.4196241497993469,0.2887536883354187,0.4736323952674866
30,0.36930742859840393,0.4198104441165924,0.2879500985145569,0.4743331968784332
31,0.3671683073043823,0.4200437366962433,0.28717565536499023,0.4749724566936493
32,0.36524322628974915,0.42008522152900696,0.28652223944664,0.4755421578884125
33,0.3630981743335724,0.42028695344924927,0.2858302891254425,0.47615548968315125
34,0.3612387478351593,0.4203418493270874,0.28518497943878174,0.476791113615036
35,0.35925590991973877,0.42058685421943665,0.2845156192779541,0.4771633446216583
36,0.3573302924633026,0.42057645320892334,0.28390228748321533,0.4778038263320923
37,0.3554505407810211,0.4207448959350586,0.28337329626083374,0.4783131182193756
38,0.35362595319747925,0.4209219515323639,0.282865434885025,0.47896209359169006
39,0.3516952693462372,0.4208448827266693,0.28224319219589233,0.4791914224624634
40,0.3498705327510834,0.4210536479949951,0.28176748752593994,0.47958794236183167
41,0.34800848364830017,0.42133811116218567,0.2812502980232239,0.47998929023742676
42,0.34615302085876465,0.4212022125720978,0.28085678815841675,0.4802631735801697
43,0.34426823258399963,0.4214574992656708,0.2803078889846802,0.48087677359580994
44,0.34244388341903687,0.42152246832847595,0.2799454927444458,0.48090848326683044
45,0.34057486057281494,0.4215935170650482,0.2797175943851471,0.4811851680278778
46,0.3387260138988495,0.42181143164634705,0.2791663706302643,0.4816109538078308
47,0.3368837237358093,0.4219166040420532,0.27883899211883545,0.4817987084388733
48,0.3349895775318146,0.42201149463653564,0.2785572409629822,0.4821678102016449
49,0.33308085799217224,0.42207467555999756,0.27819207310676575,0.48242905735969543
50,0.33131277561187744,0.42231786251068115,0.27794718742370605,0.48271864652633667
51,0.3294045627117157,0.4224940240383148,0.27772465348243713,0.4831305742263794
52,0.3275468349456787,0.4225880205631256,0.2774789333343506,0.4833846390247345
53,0.32575270533561707,0.42273351550102234,0.27719053626060486,0.48358121514320374
54,0.32392728328704834,0.42290860414505005,0.2769000828266144,0.48390915989875793
55,0.3221033811569214,0.4230950176715851,0.27664729952812195,0.4840787351131439
56,0.3203671872615814,0.4231559634208679,0.2763173282146454,0.4842391610145569
57,0.3186151683330536,0.4233376979827881,0.27594730257987976,0.48450085520744324
58,0.3169344961643219,0.4234371781349182,0.2756689190864563,0.4846712052822113
59,0.3152461647987366,0.423664391040802,0.27535340189933777,0.48493069410324097
