epoch,loss,mTA,val_loss,val_mTA
0,0.9378836154937744,0.473745197057724,0.8054820895195007,0.47353726625442505
0,0.8641412258148193,0.4739517867565155,0.7553837299346924,0.473619669675827
1,0.8233055472373962,0.47384077310562134,0.7128298878669739,0.4734106659889221
2,0.7865598797798157,0.4739053547382355,0.6787126660346985,0.47305887937545776
3,0.7549586296081543,0.473859578371048,0.6497664451599121,0.4728177785873413
0,0.7277532815933228,0.47395285964012146,0.6236284971237183,0.47228121757507324
1,0.704258143901825,0.4738641083240509,0.5992845892906189,0.47181135416030884
2,0.6837350130081177,0.4738526940345764,0.5765364766120911,0.4715243875980377
3,0.6648002862930298,0.47394752502441406,0.5554916858673096,0.4713868796825409
4,0.648169994354248,0.47380077838897705,0.5362452864646912,0.47152677178382874
5,0.6330971121788025,0.4737938940525055,0.5190144777297974,0.4719647169113159
6,0.6197961568832397,0.47391536831855774,0.5038278698921204,0.472316712141037
7,0.6075844764709473,0.47388821840286255,0.490302175283432,0.47258591651916504
8,0.5964815020561218,0.47399118542671204,0.4782973527908325,0.473018079996109
9,0.586615264415741,0.47389721870422363,0.46789073944091797,0.47340846061706543
10,0.5775964856147766,0.4737008213996887,0.4583934247493744,0.4737529158592224
11,0.5693017244338989,0.4737849831581116,0.44970330595970154,0.4740407466888428
12,0.5615246295928955,0.47402021288871765,0.441519170999527,0.47438350319862366
13,0.5542479753494263,0.47384363412857056,0.4336845278739929,0.47472846508026123
14,0.5473732948303223,0.47410327196121216,0.4264046251773834,0.47518467903137207
15,0.5408572554588318,0.47406452894210815,0.4194851815700531,0.4756125807762146
16,0.5345954298973083,0.4740208089351654,0.4128589928150177,0.4758746325969696
