epoch,loss,mTA,val_loss,val_mTA
0,0.17195799946784973,0.5039286613464355,0.1315544992685318,0.5536926984786987
0,0.12988780438899994,0.5085641145706177,0.11636677384376526,0.5696617364883423
1,0.12039501965045929,0.5108023881912231,0.11007016897201538,0.572356104850769
2,0.11447297036647797,0.5126822590827942,0.10566951334476471,0.5781208872795105
3,0.11004778742790222,0.5137407779693604,0.10272274911403656,0.5792391300201416
4,0.10665441304445267,0.5142068862915039,0.09957922995090485,0.5793826580047607
5,0.10422127693891525,0.5151330828666687,0.09751740843057632,0.5789881348609924
6,0.10257028043270111,0.51603764295578,0.0960947722196579,0.5802158117294312
7,0.10112492740154266,0.517043948173523,0.0951571837067604,0.5826973915100098
8,0.0998413935303688,0.517200231552124,0.09474664181470871,0.5807695984840393
9,0.0987800806760788,0.5177631974220276,0.09397086501121521,0.5832816362380981
10,0.09786616265773773,0.518153727054596,0.09466244280338287,0.5840815901756287
11,0.0969785675406456,0.5185083746910095,0.0950981006026268,0.584015429019928
12,0.09612131863832474,0.5190078616142273,0.09282462298870087,0.5858142971992493
13,0.09522556513547897,0.5196446180343628,0.09455329179763794,0.5854339003562927
14,0.09412365406751633,0.5203961730003357,0.09360285103321075,0.5866300463676453
15,0.09273657202720642,0.520922839641571,0.09218943864107132,0.5864529609680176
16,0.09143579006195068,0.5216970443725586,0.0891411304473877,0.5876676440238953
17,0.0893917828798294,0.5228621363639832,0.08749717473983765,0.5908069610595703
18,0.08765310049057007,0.5232303738594055,0.08403589576482773,0.589991569519043
19,0.08624054491519928,0.5242828726768494,0.08359966427087784,0.5907706618309021
0,0.08485609292984009,0.5247380137443542,0.08399064093828201,0.5908562541007996
1,0.08335807174444199,0.525039553642273,0.08047883212566376,0.592109203338623
2,0.08214316517114639,0.5255325436592102,0.07940426468849182,0.5927754044532776
3,0.08108449727296829,0.5256806015968323,0.07802073657512665,0.590466320514679
4,0.08015498518943787,0.5256654620170593,0.07758253812789917,0.5916951298713684
5,0.07925300300121307,0.5260257720947266,0.07616039365530014,0.5935267806053162
6,0.07849980890750885,0.5265500545501709,0.07575130462646484,0.5913748741149902
7,0.07783283293247223,0.5265796184539795,0.07499553263187408,0.591008186340332
8,0.07721547782421112,0.5266899466514587,0.07452930510044098,0.5935487747192383
9,0.07660238444805145,0.5267884135246277,0.07486183941364288,0.5922489166259766
10,0.07593988627195358,0.5275561809539795,0.07408933341503143,0.5937103033065796
11,0.07550168037414551,0.5275990962982178,0.07315772771835327,0.5927990078926086
12,0.07510071247816086,0.5281012058258057,0.0730087161064148,0.5938670635223389
13,0.07460968941450119,0.5278076529502869,0.07281987369060516,0.5928531289100647
14,0.07424340397119522,0.527899444103241,0.07267505675554276,0.5940921306610107
15,0.07362440973520279,0.5285553932189941,0.07169075310230255,0.5929473638534546
16,0.07323262095451355,0.5284037590026855,0.07065229117870331,0.5930811762809753
17,0.07281743735074997,0.5288168787956238,0.07087238878011703,0.5932630300521851
18,0.07226921617984772,0.528783917427063,0.07084280997514725,0.5945971608161926
19,0.07198606431484222,0.5291540622711182,0.07233203202486038,0.594495415687561
20,0.07162302732467651,0.529167652130127,0.07129549235105515,0.5939652919769287
21,0.07133810222148895,0.5295035243034363,0.07109939306974411,0.595305323600769
22,0.07097949087619781,0.5296286940574646,0.07070966809988022,0.5961025953292847
23,0.0704672560095787,0.530238687992096,0.07055390626192093,0.5958723425865173
24,0.07026703655719757,0.5301415324211121,0.0694005936384201,0.5952230095863342
25,0.06986333429813385,0.5307497382164001,0.0700509250164032,0.5938553214073181
26,0.0695563331246376,0.5308993458747864,0.06845352798700333,0.5956990718841553
27,0.06919807940721512,0.5307539701461792,0.0693829208612442,0.595350444316864
28,0.06880582869052887,0.5307038426399231,0.06983940303325653,0.5961155891418457
29,0.06847071647644043,0.5310361385345459,0.06809653341770172,0.5951095819473267
30,0.06805495172739029,0.5312789082527161,0.06769539415836334,0.5951421856880188
31,0.06769345700740814,0.5312307476997375,0.06830500066280365,0.5958505272865295
32,0.06739754974842072,0.5317451357841492,0.06767614930868149,0.594662606716156
33,0.06686270982027054,0.5317567586898804,0.06736664474010468,0.5940220952033997
34,0.06633143872022629,0.5315062999725342,0.06723339110612869,0.5948880910873413
35,0.06583642959594727,0.5317259430885315,0.06729532033205032,0.5957704186439514
36,0.0652899295091629,0.5320571064949036,0.06649330258369446,0.5959247350692749
37,0.06493252515792847,0.5324838757514954,0.06616802513599396,0.5967113971710205
38,0.06444838643074036,0.5325618982315063,0.06481126695871353,0.5974525213241577
39,0.06414543092250824,0.5326482653617859,0.06436951458454132,0.5970509052276611
40,0.06377319991588593,0.5325406789779663,0.06592034548521042,0.5973018407821655
41,0.06333407014608383,0.5331583023071289,0.06633463501930237,0.5977271199226379
42,0.0630214735865593,0.5329830050468445,0.06471005082130432,0.5966059565544128
43,0.06270220130681992,0.533611536026001,0.06461041420698166,0.596857488155365
44,0.06233798339962959,0.5333380103111267,0.06384081393480301,0.5970751047134399
45,0.06206198409199715,0.5329985618591309,0.06391621381044388,0.5966415405273438
46,0.0617511160671711,0.5337373614311218,0.06433247029781342,0.5978442430496216
47,0.061607178300619125,0.5340986251831055,0.06269866973161697,0.5982099771499634
48,0.06132929399609566,0.5340254306793213,0.06299318373203278,0.5973771810531616
49,0.060924794524908066,0.5342221856117249,0.061903566122055054,0.5975344777107239
0,0.06065632402896881,0.5344166159629822,0.06386792659759521,0.5981636047363281
1,0.060481905937194824,0.533820629119873,0.06276214867830276,0.5973852276802063
2,0.06029520183801651,0.5339565873146057,0.0618644654750824,0.5997243523597717
3,0.05997058376669884,0.534277081489563,0.06149106100201607,0.5982776284217834
4,0.059714000672101974,0.5351829528808594,0.061663202941417694,0.5988734364509583
5,0.05949830263853073,0.5346503853797913,0.060199812054634094,0.5980411767959595
6,0.05938542261719704,0.5350223779678345,0.06234944239258766,0.5981515049934387
7,0.059049732983112335,0.5354279279708862,0.06044280529022217,0.5988767147064209
8,0.05893411114811897,0.5349330306053162,0.06074113771319389,0.5975474715232849
9,0.05865568295121193,0.5353236794471741,0.059562187641859055,0.5987993478775024
10,0.05849337577819824,0.535365879535675,0.061862289905548096,0.59866863489151
11,0.058368489146232605,0.5357820391654968,0.059914927929639816,0.5984998345375061
12,0.05812062323093414,0.5356547236442566,0.059583332389593124,0.5988339781761169
13,0.05805971845984459,0.5357221961021423,0.05983056128025055,0.5992418527603149
14,0.05787229165434837,0.5356362462043762,0.0601467601954937,0.5990681052207947
15,0.05762014910578728,0.5359735488891602,0.059249844402074814,0.599998414516449
16,0.05745718255639076,0.5362415909767151,0.058875225484371185,0.600471019744873
17,0.05719950422644615,0.5361542105674744,0.06067739054560661,0.6000741124153137
18,0.057057660073041916,0.536649763584137,0.057936035096645355,0.600701093673706
19,0.056864187121391296,0.5364270806312561,0.05937524512410164,0.6005738377571106
20,0.05675308033823967,0.5369095802307129,0.06081058830022812,0.5997502207756042
21,0.056749723851680756,0.5371529459953308,0.05796316638588905,0.6001595854759216
22,0.05638565495610237,0.5365100502967834,0.05855695530772209,0.5996974110603333
23,0.05633579567074776,0.5367556214332581,0.05774577707052231,0.5995612144470215
24,0.056252699345350266,0.536661684513092,0.05878163501620293,0.6012671589851379
25,0.05590830743312836,0.536977231502533,0.058708954602479935,0.6004253625869751
26,0.055789679288864136,0.5370088815689087,0.059254858642816544,0.6009278297424316
27,0.05586972087621689,0.5371279120445251,0.05757248401641846,0.6008695363998413
28,0.05569107457995415,0.5368266701698303,0.0583934523165226,0.6009218096733093
29,0.055484455078840256,0.5374000072479248,0.058532219380140305,0.5998387336730957
30,0.0553746223449707,0.5371635556221008,0.056982822716236115,0.6002820134162903
31,0.05519644543528557,0.5375352501869202,0.05763833224773407,0.6007260084152222
32,0.05511213093996048,0.5372772216796875,0.05860969051718712,0.5991505980491638
33,0.055000968277454376,0.5373432636260986,0.05792126804590225,0.6015065908432007
34,0.05489205941557884,0.5376062393188477,0.057162169367074966,0.60069340467453
35,0.05458032712340355,0.537947952747345,0.0585850290954113,0.6008071899414062
36,0.054612088948488235,0.5377798080444336,0.05799413099884987,0.6011815667152405
37,0.05440116301178932,0.5375555157661438,0.058047160506248474,0.6007245182991028
38,0.054196491837501526,0.538598895072937,0.05805155262351036,0.6007754802703857
39,0.05407741665840149,0.5381425023078918,0.05702494829893112,0.6012328863143921
40,0.05412699282169342,0.5379785895347595,0.056787919253110886,0.6017789840698242
41,0.05385150760412216,0.5385648608207703,0.057599861174821854,0.6017434000968933
42,0.053752776235342026,0.5382041335105896,0.05676337331533432,0.6015668511390686
43,0.05354347079992294,0.5387753844261169,0.0580875426530838,0.6001947522163391
44,0.053443778306245804,0.5387066006660461,0.056546349078416824,0.6018500924110413
45,0.0533018559217453,0.5389265418052673,0.05773443728685379,0.600294291973114
46,0.053126391023397446,0.5386719703674316,0.05680341646075249,0.6003364324569702
47,0.053139884024858475,0.5385881662368774,0.0567556731402874,0.6020275354385376
48,0.05312369018793106,0.5382529497146606,0.056306324899196625,0.6000844240188599
49,0.052915193140506744,0.5386945605278015,0.05701316520571709,0.6012860536575317
50,0.05273624509572983,0.5391541719436646,0.0581691637635231,0.6008442640304565
51,0.052733905613422394,0.5385859608650208,0.05536070093512535,0.6021087765693665
52,0.05256376042962074,0.5387502908706665,0.056322064250707626,0.6017298698425293
53,0.05242614075541496,0.5391185879707336,0.05563797429203987,0.6028167605400085
54,0.05239832028746605,0.5388901829719543,0.05483892932534218,0.6018975973129272
55,0.05222108215093613,0.5392820239067078,0.05550910905003548,0.6005052924156189
56,0.05217735469341278,0.539174497127533,0.05550173670053482,0.6010662317276001
57,0.051978014409542084,0.5392993092536926,0.0548894926905632,0.6021716594696045
58,0.052003100514411926,0.5393820405006409,0.05549543350934982,0.5999643206596375
59,0.05184124410152435,0.539344310760498,0.05533059313893318,0.6013554930686951
60,0.05179549753665924,0.5398065447807312,0.05577168986201286,0.6014735698699951
61,0.051570866256952286,0.5398151874542236,0.05564657971262932,0.6010464429855347
62,0.051432132720947266,0.5397485494613647,0.05477011576294899,0.600744903087616
63,0.05148577317595482,0.5400349497795105,0.05510886013507843,0.6019877791404724
64,0.051173415035009384,0.5399375557899475,0.05625756457448006,0.601345419883728
65,0.05116172507405281,0.5398560762405396,0.05406618490815163,0.6024962663650513
66,0.051046378910541534,0.5399118065834045,0.05366579070687294,0.6006455421447754
67,0.050986915826797485,0.5400204658508301,0.05540355667471886,0.6025421023368835
68,0.05095873400568962,0.5401706099510193,0.05504414439201355,0.6006922721862793
69,0.05082756280899048,0.539970874786377,0.056389402598142624,0.5999733209609985
70,0.05070433393120766,0.5405071377754211,0.054224226623773575,0.6009751558303833
71,0.05058538541197777,0.540201723575592,0.05378742516040802,0.6016290187835693
72,0.05063147470355034,0.5399345755577087,0.055327098816633224,0.6029228568077087
73,0.05030358210206032,0.5403440594673157,0.053074367344379425,0.6030765175819397
74,0.05035746470093727,0.5405715107917786,0.05386015400290489,0.6025328040122986
75,0.05020042508840561,0.5408464670181274,0.054560575634241104,0.6024994254112244
76,0.050219934433698654,0.5408954620361328,0.05453074723482132,0.602199137210846
77,0.05009440332651138,0.5410853624343872,0.05313349887728691,0.6017516851425171
78,0.05005122721195221,0.5408254861831665,0.053094521164894104,0.6022728085517883
79,0.04992305114865303,0.5404093861579895,0.05272518843412399,0.6014724969863892
80,0.04981762170791626,0.5411344766616821,0.05340588465332985,0.6014950275421143
81,0.04980073869228363,0.5408348441123962,0.05384611338376999,0.5997540354728699
82,0.04963957518339157,0.5406863689422607,0.05370352417230606,0.6027417778968811
83,0.0496172197163105,0.540888249874115,0.053531866520643234,0.6017395853996277
84,0.049377113580703735,0.5413951277732849,0.052634891122579575,0.6030259132385254
85,0.049377068877220154,0.541197657585144,0.053659435361623764,0.6027210354804993
86,0.04929693788290024,0.5408196449279785,0.052720971405506134,0.6020323038101196
87,0.04920310899615288,0.5412313342094421,0.052971649914979935,0.6010227799415588
88,0.04925386980175972,0.5408751964569092,0.052983321249485016,0.6013082265853882
89,0.04903192073106766,0.5414366126060486,0.052453380078077316,0.6016319394111633
90,0.04893011227250099,0.5411668419837952,0.05310438945889473,0.6026055216789246
91,0.048937004059553146,0.5416606068611145,0.052895694971084595,0.6014530658721924
92,0.048791397362947464,0.541339099407196,0.05331362783908844,0.6024715304374695
93,0.048698678612709045,0.5413406491279602,0.052877698093652725,0.6035098433494568
94,0.04863875359296799,0.5414645671844482,0.05209071561694145,0.602717399597168
95,0.04851982742547989,0.5419227480888367,0.052525922656059265,0.6018937230110168
96,0.04853685945272446,0.54200279712677,0.05262257158756256,0.6002565622329712
97,0.04845232143998146,0.5420911312103271,0.052242305129766464,0.6039904952049255
98,0.048317454755306244,0.5417451858520508,0.05200420320034027,0.602969229221344
99,0.0483054518699646,0.5415806770324707,0.0531294085085392,0.6024587154388428
100,0.04806957393884659,0.5422401428222656,0.0519246868789196,0.6032878756523132
101,0.047978684306144714,0.542024552822113,0.05235936492681503,0.6014726758003235
102,0.04788028821349144,0.542136549949646,0.05264458805322647,0.6011126041412354
103,0.047938354313373566,0.5415209531784058,0.050927139818668365,0.6027448773384094
104,0.04787492752075195,0.5421654582023621,0.05117719620466232,0.6034939289093018
105,0.04768791422247887,0.542051374912262,0.052922606468200684,0.6026209592819214
106,0.04779147729277611,0.5421311855316162,0.05174936726689339,0.6017910838127136
107,0.04763733223080635,0.5422168374061584,0.05198643356561661,0.6009058356285095
108,0.04743420332670212,0.5425055027008057,0.05107560008764267,0.6022228002548218
109,0.04743197560310364,0.5423722863197327,0.05170128494501114,0.6022647619247437
110,0.047452159225940704,0.5424495935440063,0.052072860300540924,0.6035311222076416
111,0.04732907935976982,0.5425034761428833,0.05260596424341202,0.6038014888763428
112,0.047199003398418427,0.5421740412712097,0.05099206045269966,0.6029337048530579
113,0.04721866175532341,0.5425603985786438,0.05207919701933861,0.602558970451355
114,0.0470830500125885,0.5427057147026062,0.05140765756368637,0.6039388179779053
115,0.04690231382846832,0.5428757667541504,0.04996224492788315,0.6040722727775574
116,0.0468120276927948,0.5427751541137695,0.05060798302292824,0.6030513644218445
117,0.04671630263328552,0.5428022742271423,0.05185488238930702,0.6027764081954956
118,0.04679298400878906,0.5434213876724243,0.051503825932741165,0.6009137034416199
119,0.04660385847091675,0.5426051616668701,0.05044569820165634,0.6031384468078613
120,0.046451833099126816,0.5430521965026855,0.05284040793776512,0.6023620963096619
121,0.04626741632819176,0.5430339574813843,0.05091802775859833,0.602323055267334
122,0.04625860974192619,0.5426380634307861,0.05126442015171051,0.6025524139404297
123,0.04616950452327728,0.5429038405418396,0.05134216323494911,0.6042924523353577
124,0.04615337401628494,0.5428173542022705,0.05116176977753639,0.603087842464447
125,0.046070218086242676,0.543381929397583,0.05117713287472725,0.6039795279502869
126,0.045944590121507645,0.5430420637130737,0.05172106623649597,0.6026497483253479
127,0.04588150978088379,0.5430296659469604,0.05054584890604019,0.6030189394950867
128,0.04571300372481346,0.5429561138153076,0.05095458775758743,0.603591799736023
129,0.045731451362371445,0.5431167483329773,0.05180402100086212,0.6031804084777832
130,0.04555944725871086,0.5432928800582886,0.050807926803827286,0.6040748357772827
131,0.04547158256173134,0.5434619188308716,0.0516921803355217,0.6036387085914612
132,0.0453677773475647,0.5432801246643066,0.05029858276247978,0.6037408113479614
133,0.04528912901878357,0.5432738065719604,0.04990241676568985,0.6038207411766052
134,0.04519391804933548,0.5437547564506531,0.049897488206624985,0.604698121547699
135,0.045256707817316055,0.5434707999229431,0.05491548404097557,0.601211428642273
136,0.04530535265803337,0.543138861656189,0.04928845912218094,0.6054359674453735
137,0.04490708187222481,0.543884813785553,0.051259495317935944,0.6042051911354065
138,0.04474698379635811,0.5437051057815552,0.05051517114043236,0.6055840849876404
139,0.044700417667627335,0.5438138246536255,0.04964074119925499,0.6048104763031006
140,0.04475335776805878,0.5436447262763977,0.05030535161495209,0.6053937673568726
141,0.044587522745132446,0.5437286496162415,0.049446702003479004,0.6039327383041382
142,0.04452526941895485,0.5438308715820312,0.04881361871957779,0.6039972901344299
143,0.04433298483490944,0.5440049171447754,0.050262000411748886,0.6054240465164185
144,0.04434581473469734,0.5437567830085754,0.0496746264398098,0.605118989944458
145,0.04424145072698593,0.543926477432251,0.04869532957673073,0.6041450500488281
146,0.04426418989896774,0.5440865159034729,0.04919502139091492,0.6053882837295532
147,0.04411991313099861,0.5442720651626587,0.0501263402402401,0.6043976545333862
148,0.04399888217449188,0.5444497466087341,0.05052579566836357,0.6042242646217346
149,0.044016432017087936,0.5440039038658142,0.048924073576927185,0.6056093573570251
150,0.04379448667168617,0.544649600982666,0.049776408821344376,0.6044753789901733
151,0.04366099089384079,0.5444134473800659,0.0485970564186573,0.6052616238594055
152,0.04367782920598984,0.5442658066749573,0.04886430501937866,0.6051743626594543
153,0.043601859360933304,0.544310986995697,0.04853399470448494,0.6058225631713867
154,0.04359472915530205,0.544708251953125,0.04862430691719055,0.6059256196022034
155,0.04338398948311806,0.5446258783340454,0.04828290641307831,0.606737494468689
156,0.04338603466749191,0.5446956157684326,0.05018848925828934,0.6063961982727051
157,0.04331699013710022,0.5447038412094116,0.048083625733852386,0.6069246530532837
158,0.043172720819711685,0.5449692606925964,0.04824148863554001,0.6054341197013855
159,0.04320428892970085,0.5445236563682556,0.048684604465961456,0.6053730845451355
160,0.04298671707510948,0.5447978377342224,0.04796580225229263,0.6065809726715088
0,0.04353448003530502,0.5450764894485474,0.045377593487501144,0.6076086163520813
0,0.04341184347867966,0.5452706813812256,0.050596632063388824,0.6055245995521545
0,0.04326189309358597,0.5449672341346741,0.04835201054811478,0.6072728633880615
1,0.043038759380578995,0.5449634790420532,0.04829460382461548,0.6061797738075256
2,0.04312822222709656,0.5447601079940796,0.04914691299200058,0.6063046455383301
3,0.04294007644057274,0.5453110337257385,0.04703031852841377,0.6066958904266357
4,0.04278770834207535,0.5453134179115295,0.049185775220394135,0.6068258881568909
5,0.04267502948641777,0.5452879667282104,0.04835427924990654,0.605924665927887
6,0.042628031224012375,0.545322060585022,0.04691299423575401,0.6061962842941284
7,0.0425342321395874,0.5453280806541443,0.04777206480503082,0.6075630187988281
8,0.042401090264320374,0.545494019985199,0.0481417141854763,0.6063860654830933
9,0.04233686253428459,0.5454891324043274,0.04837407171726227,0.6062215566635132
10,0.04239800199866295,0.5453345775604248,0.04940217360854149,0.6045505404472351
11,0.042152710258960724,0.5461669564247131,0.04719359800219536,0.607238233089447
12,0.042043138295412064,0.545714795589447,0.04612741246819496,0.6064216494560242
13,0.042006149888038635,0.5456907153129578,0.05044858530163765,0.6052718758583069
14,0.04196964204311371,0.546122670173645,0.0480375662446022,0.6075100302696228
15,0.041968055069446564,0.5459553003311157,0.04738343134522438,0.6062410473823547
16,0.04173456132411957,0.545653760433197,0.04814256727695465,0.604339599609375
17,0.04164396971464157,0.5460823178291321,0.047316569834947586,0.6069746613502502
18,0.041573382914066315,0.5457316040992737,0.049444641917943954,0.6058256030082703
19,0.04171815142035484,0.5457763671875,0.04883662238717079,0.6058230400085449
0,0.04147174209356308,0.5462584495544434,0.0470423549413681,0.6077763438224792
1,0.04144841805100441,0.5465056896209717,0.047927290201187134,0.6064284443855286
2,0.04125586152076721,0.5464659333229065,0.04750867187976837,0.6069973707199097
3,0.041243694722652435,0.5467067956924438,0.04711184650659561,0.6069537401199341
4,0.04125263914465904,0.5464077591896057,0.04892902821302414,0.6072922945022583
5,0.041153356432914734,0.5466101169586182,0.05022670701146126,0.6069210767745972
6,0.04104912281036377,0.5465058088302612,0.048558853566646576,0.6085373163223267
7,0.04110884666442871,0.5463481545448303,0.04753454402089119,0.6080653667449951
8,0.041036128997802734,0.5466866493225098,0.047302380204200745,0.6083056330680847
9,0.04090813919901848,0.5470137000083923,0.04657340422272682,0.6078087687492371
10,0.04076346382498741,0.5471326112747192,0.04734821990132332,0.6064929962158203
11,0.04066789895296097,0.5470920205116272,0.048960283398628235,0.6061486005783081
12,0.040584661066532135,0.5472737550735474,0.04705830663442612,0.6085303425788879
13,0.0406477265059948,0.5470505356788635,0.04865080118179321,0.6084334850311279
14,0.04056110233068466,0.5469899773597717,0.04853992909193039,0.60739666223526
15,0.0404728427529335,0.5475178360939026,0.0487208291888237,0.6064664125442505
16,0.040476370602846146,0.5469552278518677,0.04634059593081474,0.6074703931808472
17,0.04035001993179321,0.5472656488418579,0.04659031704068184,0.6074900031089783
18,0.040317993611097336,0.5471183061599731,0.0489896722137928,0.6077983379364014
19,0.04025820642709732,0.5475238561630249,0.0487273633480072,0.6074957251548767
20,0.04013115167617798,0.5471411943435669,0.049140773713588715,0.6078161001205444
21,0.04000085964798927,0.5474168062210083,0.04717262089252472,0.6092978715896606
22,0.03991284221410751,0.5476145148277283,0.04618600383400917,0.6080499887466431
23,0.03995756804943085,0.5475013256072998,0.04809067025780678,0.6085519790649414
24,0.0399322509765625,0.5473141670227051,0.045918118208646774,0.6090807318687439
25,0.039817068725824356,0.5479099154472351,0.048993829637765884,0.6084859371185303
26,0.03981752693653107,0.5477378368377686,0.046763401478528976,0.6077176332473755
27,0.039779894053936005,0.5474662184715271,0.04504309222102165,0.6090165376663208
28,0.039811912924051285,0.5476073622703552,0.04642001539468765,0.6087883710861206
29,0.039660464972257614,0.547715425491333,0.04605216905474663,0.6102791428565979
30,0.03950276970863342,0.5478876829147339,0.04785821586847305,0.6079927682876587
31,0.03940334543585777,0.5480075478553772,0.047471143305301666,0.6076578497886658
32,0.03928651288151741,0.5475090742111206,0.047321099787950516,0.6097986102104187
33,0.039410702884197235,0.548377275466919,0.046232108026742935,0.60793536901474
34,0.039341144263744354,0.5480849146842957,0.04712379351258278,0.6075822710990906
35,0.03929230943322182,0.548139214515686,0.04922373592853546,0.6082678437232971
36,0.03923105075955391,0.5481231212615967,0.04479709640145302,0.6077407598495483
37,0.03908277302980423,0.5481463074684143,0.04648420214653015,0.608608067035675
38,0.03908451274037361,0.5483027696609497,0.046141672879457474,0.6088094711303711
39,0.03901210427284241,0.5485249757766724,0.0451950803399086,0.6102138161659241
40,0.0390249565243721,0.5485731363296509,0.044404350221157074,0.609391987323761
41,0.03888311982154846,0.5486178994178772,0.04709053784608841,0.6089136600494385
42,0.03886701911687851,0.5481166839599609,0.0469386987388134,0.6091287732124329
43,0.03869287297129631,0.5486984848976135,0.047174181789159775,0.6087306141853333
44,0.038696154952049255,0.5484291315078735,0.04699565842747688,0.6093840599060059
45,0.03858830779790878,0.5491381883621216,0.04514538496732712,0.6093012094497681
46,0.03863075375556946,0.5488624572753906,0.044778648763895035,0.6099845767021179
47,0.038473211228847504,0.5489576458930969,0.0461941696703434,0.6106076240539551
48,0.038422778248786926,0.548917293548584,0.04555461183190346,0.6087456345558167
49,0.03845902532339096,0.5488171577453613,0.04426395520567894,0.6100327968597412
0,0.03840181976556778,0.5488930940628052,0.045297250151634216,0.6100172400474548
1,0.03847026824951172,0.5489345192909241,0.046613190323114395,0.6093928813934326
2,0.03838559612631798,0.5489658713340759,0.046756066381931305,0.6091702580451965
3,0.03817937150597572,0.5487672090530396,0.047060076147317886,0.6091805100440979
4,0.03827289491891861,0.5491604804992676,0.047508906573057175,0.6114729046821594
5,0.03816318139433861,0.5489996671676636,0.04702075943350792,0.6100263595581055
6,0.037907760590314865,0.549568235874176,0.04490743577480316,0.6079492568969727
7,0.03799429535865784,0.5486027598381042,0.04542500898241997,0.610559344291687
8,0.03787793964147568,0.5489465594291687,0.04483160376548767,0.6098138093948364
9,0.03795026242733002,0.5490034222602844,0.04555786773562431,0.609736979007721
10,0.03766773268580437,0.5492733120918274,0.044793300330638885,0.6093734502792358
11,0.03774438053369522,0.5494581460952759,0.04577204957604408,0.6103159785270691
12,0.03771675378084183,0.549400806427002,0.04546298459172249,0.6105122566223145
13,0.03778866305947304,0.5492752194404602,0.04401405528187752,0.6103095412254333
14,0.03774610161781311,0.5496953725814819,0.045411117374897,0.6095931529998779
15,0.0374513678252697,0.549925684928894,0.045677848160266876,0.611090362071991
16,0.03745828941464424,0.5496070384979248,0.04480952396988869,0.6092259883880615
17,0.03749604523181915,0.5491896271705627,0.045218151062726974,0.6093800663948059
18,0.03734350949525833,0.5495783090591431,0.045525357127189636,0.6107392907142639
19,0.037332933396101,0.5498227477073669,0.0445193350315094,0.6106879115104675
20,0.03740910440683365,0.5499335527420044,0.046104174107313156,0.6090015172958374
21,0.037341516464948654,0.5496382713317871,0.04386194795370102,0.6102697849273682
22,0.03726397082209587,0.5497549772262573,0.044566575437784195,0.610459566116333
23,0.037088096141815186,0.549884021282196,0.04413921758532524,0.6108583211898804
24,0.03706785663962364,0.5498183369636536,0.043786969035863876,0.6101846694946289
25,0.037082742899656296,0.5499668121337891,0.04475048929452896,0.6099023818969727
26,0.03698689118027687,0.5501014590263367,0.045093562453985214,0.6110931038856506
27,0.03688821569085121,0.5500217080116272,0.04481084272265434,0.6104898452758789
28,0.0368596687912941,0.5496817231178284,0.046572986990213394,0.6103634834289551
0,0.03802703693509102,0.5499916076660156,0.041011981666088104,0.6082338094711304
0,0.03753575310111046,0.5500857830047607,0.04203644022345543,0.6094172596931458
1,0.0375099815428257,0.5503536462783813,0.041085585951805115,0.6117522716522217
0,0.04392392560839653,0.5352730751037598,0.045279014855623245,0.6077381372451782
1,0.04334573820233345,0.5354431867599487,0.04429282620549202,0.6047747731208801
2,0.04317894205451012,0.5363061428070068,0.04740634560585022,0.6044137477874756
3,0.04304402321577072,0.5361385345458984,0.04465670883655548,0.6057954430580139
4,0.04289952293038368,0.536095142364502,0.044754236936569214,0.6044873595237732
5,0.042915280908346176,0.5364130139350891,0.044466592371463776,0.6046119928359985
6,0.04285554587841034,0.5368279218673706,0.04603538662195206,0.6042434573173523
7,0.04272620752453804,0.5367043018341064,0.04580654203891754,0.6051065325737
8,0.04257115721702576,0.5367284417152405,0.04379597678780556,0.6055651307106018
9,0.04270785301923752,0.5371602177619934,0.043190378695726395,0.6041123867034912
10,0.042457953095436096,0.5369125008583069,0.04352932795882225,0.6066068410873413
11,0.042380813509225845,0.5369968414306641,0.0450839139521122,0.603870153427124
12,0.042211275547742844,0.5376419425010681,0.045036133378744125,0.6040442585945129
13,0.042212776839733124,0.5372036099433899,0.04456201195716858,0.6046030521392822
14,0.042143091559410095,0.5371241569519043,0.04343895986676216,0.6052839159965515
15,0.0419183149933815,0.5378338694572449,0.04477992653846741,0.6065220832824707
16,0.04198898375034332,0.5379787087440491,0.044994715601205826,0.6058704853057861
17,0.04197952523827553,0.5372894406318665,0.04474712535738945,0.606818675994873
18,0.0420507974922657,0.5372837781906128,0.04303903132677078,0.6052498817443848
19,0.04173478111624718,0.5380698442459106,0.045411497354507446,0.6059644222259521
0,0.04168497771024704,0.537948727607727,0.04563058540225029,0.6066348552703857
1,0.04187557473778725,0.5379979610443115,0.04380539432168007,0.6053818464279175
2,0.04151249676942825,0.5378355979919434,0.04413924738764763,0.6025733947753906
3,0.04146871715784073,0.5380917191505432,0.0437459722161293,0.60434490442276
4,0.04148681089282036,0.5382471084594727,0.04543652758002281,0.6038685441017151
5,0.041450947523117065,0.5381702780723572,0.044379327446222305,0.605012059211731
6,0.04131418466567993,0.5379639267921448,0.043700553476810455,0.6064642667770386
7,0.04116968810558319,0.5381695032119751,0.04425009712576866,0.6063888072967529
8,0.04112330824136734,0.5380821824073792,0.04429647698998451,0.6049851179122925
9,0.04114154726266861,0.5385646224021912,0.044569820165634155,0.6045796275138855
10,0.04112622141838074,0.5386896729469299,0.042847152799367905,0.6066510081291199
11,0.040961701422929764,0.5380668044090271,0.04446467012166977,0.6070656776428223
12,0.041064370423555374,0.5380921959877014,0.04526896774768829,0.6058719754219055
13,0.041035477072000504,0.5386022329330444,0.04533645138144493,0.6063653826713562
14,0.04085551202297211,0.5387991070747375,0.04410027712583542,0.6066339612007141
15,0.040826622396707535,0.5388540625572205,0.04378228634595871,0.606894314289093
16,0.04077495262026787,0.53868168592453,0.04589008539915085,0.6053013205528259
17,0.04070541635155678,0.5384858250617981,0.042972009629011154,0.6068137288093567
18,0.040737640112638474,0.5387555956840515,0.044218312948942184,0.6050431728363037
19,0.04062138497829437,0.5393649935722351,0.04601307213306427,0.6046951413154602
20,0.04049352556467056,0.538890540599823,0.043792519718408585,0.6047006249427795
21,0.040407389402389526,0.5391278862953186,0.04291478544473648,0.6075358390808105
22,0.04034216329455376,0.5391380190849304,0.04358522966504097,0.6071323156356812
23,0.040307190269231796,0.539840579032898,0.043331872671842575,0.6075186133384705
24,0.040322549641132355,0.5392056703567505,0.0443418025970459,0.6057441830635071
25,0.0402214415371418,0.539247989654541,0.04389375075697899,0.6065288782119751
26,0.040278684347867966,0.5394390821456909,0.04401863366365433,0.6064250469207764
27,0.040135763585567474,0.5392577052116394,0.04352204501628876,0.6059746742248535
28,0.040017977356910706,0.5394717454910278,0.04461386054754257,0.6049104332923889
29,0.040080513805150986,0.5395963191986084,0.04334476590156555,0.6057253479957581
0,0.04134194925427437,0.5383726358413696,0.04468005523085594,0.6047934293746948
1,0.041350096464157104,0.5389286279678345,0.04389670491218567,0.6046931147575378
2,0.04133905470371246,0.5386009216308594,0.04193224012851715,0.60591721534729
3,0.04112592712044716,0.5388921499252319,0.04269139841198921,0.6053882241249084
4,0.0412311814725399,0.5388950109481812,0.04364457353949547,0.6050286889076233
5,0.04099726676940918,0.5385666489601135,0.043842755258083344,0.6052982211112976
6,0.04097198694944382,0.5388128161430359,0.04366784542798996,0.6066746115684509
7,0.04078983888030052,0.5392026305198669,0.04214464873075485,0.606177568435669
8,0.04090837016701698,0.5391626954078674,0.04359793663024902,0.6069795489311218
9,0.040804896503686905,0.5389084815979004,0.04320545122027397,0.6069707274436951
10,0.040768854320049286,0.5395697355270386,0.042367953807115555,0.6065701246261597
11,0.04081595316529274,0.5393662452697754,0.043569810688495636,0.6069186925888062
0,0.033514056354761124,0.5727720260620117,0.038120150566101074,0.6121814250946045
1,0.03204841911792755,0.5761640667915344,0.0376824326813221,0.6135565638542175
2,0.03144475072622299,0.5773351788520813,0.037529703229665756,0.6137005686759949
3,0.031010011211037636,0.5787644982337952,0.03693750500679016,0.6145027875900269
4,0.03075101040303707,0.5790190696716309,0.037253186106681824,0.6144273281097412
5,0.030569439753890038,0.579552948474884,0.03698180243372917,0.6147448420524597
6,0.030238132923841476,0.5804048776626587,0.03688941150903702,0.6151214838027954
7,0.030182013288140297,0.5803665518760681,0.03746626898646355,0.6153138875961304
8,0.030052579939365387,0.5808624029159546,0.03686000406742096,0.6151947975158691
9,0.02994503639638424,0.5813255906105042,0.036580994725227356,0.6152116656303406
10,0.029643496498465538,0.5818721652030945,0.03662845864892006,0.6157292127609253
11,0.029620127752423286,0.5814014673233032,0.03639554977416992,0.6165175437927246
12,0.029598146677017212,0.5815643668174744,0.036615464836359024,0.61546391248703
13,0.02942013368010521,0.5816184878349304,0.03626099228858948,0.6149864792823792
14,0.029203368350863457,0.5822184085845947,0.03659665584564209,0.6144377589225769
15,0.029136182740330696,0.582417368888855,0.03668344393372536,0.615824818611145
16,0.029052410274744034,0.5821613669395447,0.03594648838043213,0.6157039403915405
17,0.028911158442497253,0.582908034324646,0.03584862872958183,0.6160926818847656
18,0.02889866568148136,0.5825069546699524,0.03633810579776764,0.6158664226531982
19,0.02877255529165268,0.5827509164810181,0.03618275001645088,0.6159945130348206
0,0.028754113242030144,0.5831056237220764,0.03644878417253494,0.6157193183898926
1,0.02858002856373787,0.5831889510154724,0.03611014410853386,0.6160430312156677
2,0.028468655422329903,0.5833845138549805,0.03627511113882065,0.6158338189125061
3,0.02843133918941021,0.583512544631958,0.0357762910425663,0.6167470812797546
4,0.02833152376115322,0.5834498405456543,0.03557663410902023,0.6165192127227783
5,0.028166379779577255,0.5835188627243042,0.036025725305080414,0.6157176494598389
6,0.02812100574374199,0.5831544995307922,0.03532024472951889,0.616326093673706
7,0.028063423931598663,0.5838872790336609,0.036513905972242355,0.6161421537399292
8,0.02798822708427906,0.5840966701507568,0.03570418432354927,0.6149670481681824
9,0.027887703850865364,0.5841429829597473,0.03558612987399101,0.6165395379066467
10,0.027856288477778435,0.5839169025421143,0.035794373601675034,0.6155051589012146
11,0.027764054015278816,0.5838226675987244,0.03543633595108986,0.6161778569221497
12,0.027684787288308144,0.5838940739631653,0.03541475906968117,0.6158056259155273
13,0.02757684886455536,0.5840417146682739,0.03520684689283371,0.6154294610023499
14,0.027487773448228836,0.5842317342758179,0.036113038659095764,0.6146735548973083
15,0.02738034352660179,0.5841624736785889,0.03545064851641655,0.6156066060066223
16,0.027302997186779976,0.5846238732337952,0.03540961071848869,0.6156421899795532
17,0.027265872806310654,0.5841032266616821,0.036125216633081436,0.6153267025947571
18,0.027220137417316437,0.5841461420059204,0.035308726131916046,0.6160137057304382
19,0.027110129594802856,0.5842846632003784,0.035877250134944916,0.6157885789871216
20,0.02710803784430027,0.584518313407898,0.0353303886950016,0.6150825023651123
21,0.02701343223452568,0.5841243267059326,0.034920357167720795,0.6154807806015015
22,0.027030425146222115,0.5841007232666016,0.035617630928754807,0.6156964302062988
23,0.026968978345394135,0.58441162109375,0.035326872020959854,0.6158643960952759
24,0.026811091229319572,0.5845491886138916,0.035756271332502365,0.6160983443260193
25,0.02679315395653248,0.5847167372703552,0.035821493715047836,0.6158909797668457
26,0.02678423561155796,0.5844031572341919,0.034886833280324936,0.6160617470741272
27,0.0266434159129858,0.5841341018676758,0.03556390106678009,0.6166434288024902
28,0.026686741039156914,0.5843150019645691,0.035355523228645325,0.6157878041267395
29,0.02653324045240879,0.5849143862724304,0.03539710119366646,0.6158809065818787
30,0.026476804167032242,0.5842050909996033,0.034562207758426666,0.6151978969573975
31,0.02631639875471592,0.5834438800811768,0.034930646419525146,0.6145306825637817
32,0.02597792260348797,0.5826534628868103,0.033508311957120895,0.614614725112915
33,0.025681767612695694,0.5825843214988708,0.03380783274769783,0.6146486401557922
34,0.025562841445207596,0.582716166973114,0.033050812780857086,0.6139253377914429
35,0.02527047134935856,0.583032488822937,0.03383445739746094,0.6143399477005005
36,0.02511749602854252,0.583099901676178,0.033830612897872925,0.6140843629837036
37,0.02503652125597,0.5836621522903442,0.03340694308280945,0.6151740550994873
38,0.024821359664201736,0.5841890573501587,0.033049989491701126,0.6149938106536865
39,0.02493865042924881,0.5840545892715454,0.03272632509469986,0.6161421537399292
40,0.024805784225463867,0.584161639213562,0.033079374581575394,0.6161264181137085
41,0.024612512439489365,0.5844735503196716,0.03243307024240494,0.6154743432998657
42,0.024589000269770622,0.5841051340103149,0.03286553919315338,0.615943193435669
43,0.024491097778081894,0.5849384665489197,0.032607220113277435,0.6160008907318115
44,0.024340325966477394,0.5847760438919067,0.032493993639945984,0.6165761947631836
45,0.02429351396858692,0.5852771401405334,0.03244997560977936,0.6158241033554077
46,0.024294426664710045,0.585012674331665,0.032336775213479996,0.616250216960907
47,0.024159494787454605,0.5849911570549011,0.03225019574165344,0.6161447167396545
48,0.024099094793200493,0.585096538066864,0.03220526874065399,0.6165979504585266
49,0.02416381426155567,0.5849509239196777,0.0317925289273262,0.6159976124763489
0,0.024085909128189087,0.5852116346359253,0.03265635669231415,0.6155751347541809
1,0.02403935417532921,0.585182249546051,0.03242182359099388,0.6155208945274353
2,0.023938855156302452,0.5858034491539001,0.03190542757511139,0.6161606311798096
3,0.02381693199276924,0.585640013217926,0.03200417757034302,0.6159362196922302
4,0.023795895278453827,0.5857393145561218,0.03210974112153053,0.6166078448295593
5,0.023744523525238037,0.585690438747406,0.03220837190747261,0.6159589290618896
6,0.023731568828225136,0.5853064060211182,0.03169405832886696,0.6149529218673706
7,0.02358693815767765,0.5859328508377075,0.03232995420694351,0.615678071975708
8,0.023592138662934303,0.5855756998062134,0.03187936171889305,0.616387665271759
9,0.023522527888417244,0.5862183570861816,0.03198830038309097,0.6161758303642273
10,0.02350686863064766,0.5859353542327881,0.03217315673828125,0.6162312030792236
11,0.023489179089665413,0.5862561464309692,0.03189137205481529,0.6149734854698181
12,0.023424960672855377,0.5857084393501282,0.031554147601127625,0.6161690950393677
13,0.023361770436167717,0.5860657691955566,0.03188178315758705,0.6161221861839294
14,0.023373542353510857,0.5862028002738953,0.03228715807199478,0.6155351996421814
15,0.023187270388007164,0.5861648917198181,0.03136809542775154,0.6168885231018066
16,0.02332041598856449,0.5861814022064209,0.03180919587612152,0.616905927658081
17,0.023229354992508888,0.5859843492507935,0.030657291412353516,0.6163557767868042
18,0.023209944367408752,0.5861505270004272,0.0316382572054863,0.6159856915473938
19,0.023130323737859726,0.5862840414047241,0.031565066426992416,0.6160853505134583
20,0.023031670600175858,0.5862744450569153,0.03163520619273186,0.6157033443450928
21,0.023015577346086502,0.586125373840332,0.03115474246442318,0.6161456108093262
22,0.02295842207968235,0.5863927602767944,0.0308064091950655,0.6159648299217224
23,0.022937346249818802,0.5864800810813904,0.03164130821824074,0.6164902448654175
24,0.022807739675045013,0.5866621136665344,0.031440798193216324,0.6162295341491699
25,0.02280540205538273,0.5863309502601624,0.030927438288927078,0.616107165813446
26,0.022813795134425163,0.5862638354301453,0.03193556144833565,0.6155850291252136
27,0.022784268483519554,0.5861570835113525,0.031072227284312248,0.6170371174812317
28,0.02270655706524849,0.5863505005836487,0.03133685886859894,0.6162075400352478
29,0.022704439237713814,0.5864795446395874,0.03140110895037651,0.6164200901985168
30,0.02266869880259037,0.586656928062439,0.031093547120690346,0.6162868738174438
31,0.022616341710090637,0.5866063833236694,0.03077523037791252,0.6173588037490845
32,0.02262914553284645,0.5861976742744446,0.030918559059500694,0.6162233352661133
33,0.02252618595957756,0.5864302515983582,0.030982760712504387,0.6164054274559021
34,0.022463086992502213,0.5866314172744751,0.03142256662249565,0.6167393922805786
35,0.022501831874251366,0.5862259864807129,0.030902879312634468,0.6160426735877991
36,0.022380441427230835,0.5865803956985474,0.031211338937282562,0.6163477301597595
37,0.022408243268728256,0.586318850517273,0.0314783900976181,0.6157229542732239
38,0.022372378036379814,0.5860307812690735,0.031167196109890938,0.6167939901351929
39,0.022305594757199287,0.5867749452590942,0.030637651681900024,0.6166521906852722
40,0.022336823865771294,0.5866546630859375,0.031255364418029785,0.6175826787948608
41,0.022210346534848213,0.5867283344268799,0.030737511813640594,0.6157376170158386
42,0.02218952588737011,0.5867972373962402,0.03172382712364197,0.616597056388855
43,0.022224334999918938,0.5866826176643372,0.03082171641290188,0.6166498064994812
44,0.022063391283154488,0.5866789817810059,0.030477188527584076,0.6167961955070496
45,0.022066514939069748,0.586972713470459,0.030827226117253304,0.6172404885292053
46,0.022081725299358368,0.5865996479988098,0.03139176964759827,0.6168134212493896
47,0.022064821794629097,0.586340069770813,0.030846429988741875,0.6168431043624878
48,0.022046677768230438,0.58613520860672,0.030631830915808678,0.6160793304443359
49,0.022008320316672325,0.586425244808197,0.030311083421111107,0.6167190670967102
50,0.021957674995064735,0.5867335200309753,0.030204547569155693,0.6162209510803223
51,0.021905457600951195,0.5867359638214111,0.031078103929758072,0.6171985268592834
52,0.021782169118523598,0.5868018269538879,0.030206365510821342,0.6168364882469177
53,0.02189674600958824,0.5866270065307617,0.030381103977560997,0.6175753474235535
54,0.021750422194600105,0.5866141319274902,0.030901359394192696,0.6161984205245972
55,0.02175886370241642,0.5869162678718567,0.03024790622293949,0.6170739531517029
56,0.021765707060694695,0.5865863561630249,0.030087612569332123,0.6164035797119141
57,0.02163808047771454,0.5871157050132751,0.030502822250127792,0.6164583563804626
58,0.021677836775779724,0.5871922969818115,0.0300641730427742,0.6167731285095215
59,0.021665895357728004,0.5868489742279053,0.03014683909714222,0.6168711185455322
60,0.021669303998351097,0.5865697264671326,0.029846923425793648,0.6162498593330383
61,0.021658295765519142,0.5868688821792603,0.030233552679419518,0.6172118782997131
62,0.021526945754885674,0.5867969393730164,0.03008788451552391,0.6162993311882019
63,0.021484708413481712,0.5869118571281433,0.029945440590381622,0.6169857978820801
64,0.021394075825810432,0.5872594714164734,0.030191969126462936,0.6164451837539673
65,0.021395353600382805,0.587215006351471,0.029543491080403328,0.6169090270996094
66,0.02142845280468464,0.5871127247810364,0.03006555512547493,0.6163902282714844
67,0.02151544764637947,0.5872032046318054,0.02950996719300747,0.6175605654716492
68,0.021298633888363838,0.5873622298240662,0.029088670387864113,0.6170555949211121
69,0.02136821113526821,0.5873154997825623,0.029820209369063377,0.6171915531158447
70,0.02125006541609764,0.5870293378829956,0.030018286779522896,0.6165902614593506
71,0.021283570677042007,0.587570071220398,0.029401017352938652,0.6171873211860657
72,0.02116546407341957,0.5873308181762695,0.030068228021264076,0.6165122389793396
73,0.021240439265966415,0.5878086090087891,0.029845168814063072,0.6177948713302612
74,0.02111373096704483,0.5874454379081726,0.03034541942179203,0.6160650253295898
75,0.021097742021083832,0.587393045425415,0.030180994421243668,0.61688232421875
76,0.021145429462194443,0.5872575640678406,0.03022906742990017,0.6164431571960449
77,0.021094556897878647,0.5869032144546509,0.029345335438847542,0.616884708404541
78,0.021012073382735252,0.5868191123008728,0.029627811163663864,0.6168736815452576
79,0.020982859656214714,0.5865103006362915,0.029397541657090187,0.61680006980896
80,0.020847730338573456,0.5868029594421387,0.028892917558550835,0.616594135761261
81,0.02072705328464508,0.586707353591919,0.0288680549710989,0.6168575882911682
82,0.02077019400894642,0.5867969393730164,0.02871929667890072,0.616522490978241
83,0.020574627444148064,0.5869495272636414,0.0283854641020298,0.6171261668205261
84,0.02055637538433075,0.586831271648407,0.02838907577097416,0.6167789697647095
85,0.020567985251545906,0.5866990685462952,0.02851475216448307,0.6171367764472961
