epoch,loss,mTA,val_loss,val_mTA
0,0.07907361537218094,0.5125803351402283,0.045550644397735596,0.6265252232551575
0,0.05615152791142464,0.5197141766548157,0.04662170633673668,0.631446123123169
1,0.053159575909376144,0.5226097702980042,0.058782290667295456,0.6291876435279846
2,0.04895232245326042,0.5246720314025879,0.03879886865615845,0.6299616098403931
3,0.04760478809475899,0.5266293883323669,0.04004503786563873,0.6283900737762451
4,0.04605835676193237,0.5264189839363098,0.03928234428167343,0.6273788213729858
5,0.045292969793081284,0.5279814600944519,0.042613305151462555,0.6261242628097534
6,0.04372677952051163,0.5280951857566833,0.0402638241648674,0.6273434162139893
7,0.04346660152077675,0.5295666456222534,0.04588070139288902,0.6218653321266174
8,0.043295785784721375,0.5296905040740967,0.04352666810154915,0.624187171459198
9,0.04308944195508957,0.5297865271568298,0.04660988971590996,0.6259620785713196
10,0.04290585592389107,0.5300620198249817,0.04502725601196289,0.6243389844894409
11,0.04335538670420647,0.5298528671264648,0.040244754403829575,0.6228456497192383
12,0.043259624391794205,0.5304354429244995,0.03600730374455452,0.625745415687561
13,0.04219993203878403,0.529323399066925,0.0364951528608799,0.6242682337760925
14,0.04243246093392372,0.5303621292114258,0.03779946640133858,0.6220642924308777
15,0.04237541928887367,0.5308770537376404,0.03849782794713974,0.6235842108726501
16,0.042184978723526,0.5305668115615845,0.041443321853876114,0.6234117150306702
17,0.042512569576501846,0.5303962230682373,0.03671223670244217,0.620587170124054
18,0.042110711336135864,0.5314860939979553,0.038504309952259064,0.6223370432853699
19,0.041274383664131165,0.5310128927230835,0.038528744131326675,0.6222205758094788
0,0.0413876511156559,0.531368613243103,0.0385812409222126,0.6244540214538574
1,0.041957736015319824,0.5314393639564514,0.04155869409441948,0.6233380436897278
2,0.03998338058590889,0.5329576134681702,0.03764476999640465,0.6248800158500671
3,0.04093809053301811,0.5328817963600159,0.041559942066669464,0.6222500801086426
4,0.041395410895347595,0.5315985679626465,0.03587642312049866,0.620855450630188
5,0.041690707206726074,0.5317003130912781,0.04139652103185654,0.6215262413024902
6,0.04091061279177666,0.5315998196601868,0.03643372654914856,0.6175975203514099
7,0.04103187099099159,0.5325697064399719,0.035352881997823715,0.6200712323188782
8,0.04056151211261749,0.5331673622131348,0.04470636695623398,0.6231021285057068
9,0.0398528128862381,0.5324332118034363,0.03829183056950569,0.6183183789253235
10,0.04027760401368141,0.532415509223938,0.036364249885082245,0.6220318675041199
11,0.03958442807197571,0.5334516763687134,0.03460536152124405,0.6215291619300842
12,0.04012516140937805,0.5338630080223083,0.035859063267707825,0.6219581961631775
13,0.0403379462659359,0.5343185663223267,0.036554623395204544,0.6215041279792786
14,0.040784504264593124,0.5315227508544922,0.036824941635131836,0.6216721534729004
15,0.03928281366825104,0.5329809784889221,0.03511245548725128,0.619931161403656
16,0.040102846920490265,0.5332394242286682,0.040333110839128494,0.6106186509132385
17,0.03915867954492569,0.5335009694099426,0.03605983033776283,0.6190540194511414
18,0.039435118436813354,0.5336532592773438,0.03780833259224892,0.6193960309028625
19,0.03992632403969765,0.532689094543457,0.03513532131910324,0.6124171614646912
20,0.039030659943819046,0.533083975315094,0.03873443603515625,0.6170727014541626
21,0.0389898344874382,0.5331389307975769,0.035290803760290146,0.619049608707428
22,0.03873474895954132,0.5338623523712158,0.03662620112299919,0.616944432258606
23,0.03937100991606712,0.5333739519119263,0.03841995820403099,0.6231242418289185
24,0.03902653977274895,0.5337991714477539,0.036148328334093094,0.6163665652275085
25,0.03866657614707947,0.5341252088546753,0.041076742112636566,0.6169901490211487
26,0.03799564391374588,0.5338705778121948,0.036009181290864944,0.6141596436500549
27,0.03875128552317619,0.534163773059845,0.03699473664164543,0.6200387477874756
28,0.03775347024202347,0.5357780456542969,0.032909996807575226,0.6160009503364563
29,0.03881648927927017,0.535033106803894,0.03292865306138992,0.6149660348892212
30,0.03784586489200592,0.5353389382362366,0.035421907901763916,0.619586169719696
31,0.038179099559783936,0.5348814725875854,0.033853527158498764,0.613258957862854
32,0.03780251741409302,0.5357704758644104,0.035774942487478256,0.6182888746261597
33,0.03751133009791374,0.5356409549713135,0.039982885122299194,0.6168928146362305
34,0.03747939318418503,0.5366657376289368,0.03443077579140663,0.6162589192390442
35,0.03709868714213371,0.5357723236083984,0.03452515974640846,0.6173291802406311
36,0.03780476003885269,0.5366025567054749,0.03366268426179886,0.6195640563964844
37,0.03714867681264877,0.536229133605957,0.03966960310935974,0.6157119870185852
38,0.036748506128787994,0.5361893177032471,0.033001095056533813,0.613606870174408
39,0.03724105656147003,0.5361274480819702,0.034128881990909576,0.6145753860473633
40,0.03680660203099251,0.5370751619338989,0.03629269823431969,0.6190392374992371
41,0.03757338970899582,0.5369165539741516,0.03415270522236824,0.6198205947875977
42,0.03729521855711937,0.5361640453338623,0.033440109342336655,0.6154673099517822
43,0.03683701530098915,0.5372893214225769,0.03835337981581688,0.6203955411911011
44,0.038486454635858536,0.5346856117248535,0.03610312566161156,0.6170048713684082
45,0.03673727065324783,0.5383002161979675,0.03252618759870529,0.6209203600883484
46,0.03693308308720589,0.5368458032608032,0.035759057849645615,0.6186825037002563
47,0.036755211651325226,0.5372431874275208,0.03522411361336708,0.6223414540290833
48,0.0368381030857563,0.5372476577758789,0.03607173636555672,0.6187326312065125
49,0.0366097167134285,0.5381675362586975,0.03950434550642967,0.6190731525421143
0,0.03653762489557266,0.5373594760894775,0.03358250856399536,0.6166569590568542
1,0.03581709414720535,0.5378345847129822,0.033950306475162506,0.6209173798561096
2,0.03701423853635788,0.5376583337783813,0.03456191346049309,0.6180323958396912
3,0.03604406863451004,0.5385782122612,0.034928955137729645,0.6191970109939575
4,0.036902155727148056,0.5378535389900208,0.03646649047732353,0.6165714859962463
5,0.036174576729536057,0.538661003112793,0.03369994834065437,0.6154835224151611
6,0.0363556407392025,0.5377916097640991,0.038163237273693085,0.618986189365387
7,0.035924989730119705,0.5387279987335205,0.03313910961151123,0.6194579601287842
8,0.036013707518577576,0.5383154153823853,0.032181061804294586,0.6170063614845276
9,0.03593111038208008,0.5387917757034302,0.03453764691948891,0.6195228099822998
10,0.0359443724155426,0.5385485291481018,0.034991033375263214,0.614594578742981
11,0.03649221360683441,0.53786301612854,0.036368150264024734,0.6197851896286011
12,0.03537631779909134,0.5389383435249329,0.03312269598245621,0.6169635653495789
13,0.03569076955318451,0.5390836596488953,0.03543727472424507,0.6148643493652344
14,0.03568551316857338,0.5385927557945251,0.033114220947027206,0.616158664226532
15,0.035595010966062546,0.5387829542160034,0.031883105635643005,0.6219876408576965
16,0.03551185131072998,0.539138674736023,0.031134365126490593,0.6183021664619446
17,0.036002181470394135,0.5386850237846375,0.03340219706296921,0.6176800727844238
18,0.035850364714860916,0.5390723347663879,0.032538674771785736,0.612956702709198
19,0.03532002493739128,0.5395234227180481,0.034012459218502045,0.6152166724205017
20,0.035220347344875336,0.5392169952392578,0.03547342121601105,0.6202318668365479
21,0.035093847662210464,0.5400895476341248,0.0328892357647419,0.62050461769104
22,0.03586821258068085,0.5395006537437439,0.03586714714765549,0.6163164377212524
23,0.03533680737018585,0.5388827919960022,0.03491494432091713,0.6170490980148315
24,0.035389162600040436,0.5393408536911011,0.032643288373947144,0.6198722124099731
25,0.03523651137948036,0.5392801761627197,0.03411474451422691,0.616195559501648
26,0.035597819834947586,0.5392239689826965,0.03384216129779816,0.6194829940795898
27,0.035199400037527084,0.5393452644348145,0.03216623142361641,0.6196879148483276
28,0.035232044756412506,0.5389257073402405,0.035886045545339584,0.6174427270889282
29,0.03511910140514374,0.5402354598045349,0.03352527320384979,0.6211857199668884
30,0.03510643169283867,0.5385997295379639,0.0331362746655941,0.6157429814338684
31,0.03489025682210922,0.5397388935089111,0.03448668122291565,0.6197218298912048
32,0.03533043712377548,0.5404079556465149,0.0334739163517952,0.6238466501235962
33,0.03501807898283005,0.539785623550415,0.034351836889982224,0.6193134784698486
34,0.034987252205610275,0.5400484800338745,0.0351305827498436,0.6173218488693237
35,0.034882206469774246,0.5403807759284973,0.032829925417900085,0.6162574291229248
36,0.03482562303543091,0.5402822494506836,0.03472704067826271,0.6193400025367737
37,0.03484789654612541,0.5408198833465576,0.0323476679623127,0.6177021861076355
38,0.03503292053937912,0.540140688419342,0.03888430818915367,0.6193222999572754
39,0.034907326102256775,0.5398759841918945,0.03404376655817032,0.62239009141922
40,0.03496304154396057,0.5388063192367554,0.03384771570563316,0.6192721724510193
41,0.034563977271318436,0.5401204824447632,0.03332168981432915,0.6198235154151917
42,0.03508833050727844,0.5391474962234497,0.03521552309393883,0.6142702102661133
43,0.03482964262366295,0.5393161773681641,0.03324476629495621,0.6182181239128113
44,0.03445809334516525,0.5407049059867859,0.03352218121290207,0.6224018931388855
45,0.034320276230573654,0.5404964089393616,0.03296428173780441,0.6180205941200256
46,0.03452607989311218,0.5408382415771484,0.034749649465084076,0.6181635856628418
0,0.035262033343315125,0.540032684803009,0.0354907251894474,0.6221837401390076
1,0.03553496301174164,0.5396358966827393,0.03441110998392105,0.6193562150001526
2,0.03547053784132004,0.5397616028785706,0.034377001225948334,0.6103061437606812
3,0.03597087785601616,0.5381637811660767,0.03334885463118553,0.616487443447113
4,0.03606986254453659,0.5383570790290833,0.03399856016039848,0.6197999715805054
5,0.03527306765317917,0.539040744304657,0.0345115028321743,0.6199222803115845
6,0.0352851040661335,0.539578378200531,0.033025696873664856,0.620481014251709
7,0.03533851355314255,0.5393016338348389,0.03246790170669556,0.6181002259254456
8,0.03537300229072571,0.5394659042358398,0.035190384835004807,0.6225906014442444
9,0.035441379994153976,0.5387917757034302,0.03481380641460419,0.6201154589653015
10,0.035191815346479416,0.5395057201385498,0.036003775894641876,0.6126235723495483
11,0.035292088985443115,0.5396150350570679,0.03325103595852852,0.6181429624557495
12,0.03525417298078537,0.5390413403511047,0.03417651727795601,0.6182520389556885
13,0.03534335270524025,0.5386641621589661,0.03269413486123085,0.6214746236801147
14,0.035877522081136703,0.53975909948349,0.040766146034002304,0.6182594299316406
15,0.035996392369270325,0.5393041968345642,0.03633619844913483,0.617626965045929
16,0.03487090766429901,0.5404572486877441,0.033455025404691696,0.6223296523094177
17,0.03487667068839073,0.5402480959892273,0.03541804477572441,0.6211237907409668
18,0.035691455006599426,0.5394444465637207,0.035122670233249664,0.6207213401794434
19,0.03561379760503769,0.5389307737350464,0.03423434868454933,0.6218903660774231
20,0.03466493636369705,0.5394728779792786,0.032460812479257584,0.6172304153442383
21,0.03543821722269058,0.5395885109901428,0.03300865367054939,0.6205753684043884
22,0.03520587086677551,0.5384082794189453,0.0325077585875988,0.6176093220710754
23,0.03466925770044327,0.5400288701057434,0.032332539558410645,0.6220923066139221
24,0.03473546728491783,0.539734423160553,0.033251095563173294,0.6202569603919983
25,0.034534912556409836,0.5406594276428223,0.03404766321182251,0.6206815242767334
26,0.03457437455654144,0.5415578484535217,0.035752035677433014,0.6195744276046753
27,0.03504559397697449,0.5395708084106445,0.03365813568234444,0.61510169506073
28,0.03448569029569626,0.5409930348396301,0.03368288651108742,0.6218078136444092
29,0.03490171581506729,0.5405576825141907,0.03346431255340576,0.618678092956543
0,0.036428652703762054,0.5384151935577393,0.037410929799079895,0.6200417280197144
1,0.03621707111597061,0.5385744571685791,0.036578141152858734,0.619381308555603
2,0.03572738915681839,0.5392094254493713,0.036165665835142136,0.6203247904777527
3,0.035875022411346436,0.5388884544372559,0.033671870827674866,0.6174132227897644
4,0.03590826317667961,0.5394495129585266,0.034087736159563065,0.6204338669776917
5,0.03615514561533928,0.5386685729026794,0.0356132946908474,0.6189640760421753
6,0.03591720387339592,0.5387924313545227,0.03847339749336243,0.6198338866233826
7,0.03626905381679535,0.5382319688796997,0.036089517176151276,0.6223945617675781
8,0.035971928387880325,0.5385839343070984,0.03663874790072441,0.6178112626075745
9,0.03554372861981392,0.5398349165916443,0.038550302386283875,0.6206461191177368
10,0.035579852759838104,0.5386666655540466,0.03799648955464363,0.6098667979240417
11,0.03538840264081955,0.5391380190849304,0.038019150495529175,0.6184554696083069
12,0.036717548966407776,0.5380746722221375,0.04149068892002106,0.616195559501648
13,0.03567203879356384,0.5387285947799683,0.033964063972234726,0.6182697415351868
14,0.03595946356654167,0.5394077897071838,0.035540949553251266,0.6180943250656128
15,0.03537691757082939,0.5391494035720825,0.036676883697509766,0.6177405118942261
16,0.035958535969257355,0.5398563742637634,0.03611987456679344,0.6145915985107422
17,0.035384975373744965,0.5395676493644714,0.035634059458971024,0.6125704646110535
0,0.03675989806652069,0.5384148955345154,0.034548070281744,0.6178269386291504
1,0.036314770579338074,0.538840115070343,0.034271955490112305,0.61819988489151
0,0.03581004589796066,0.5387471914291382,0.036763567477464676,0.6192424893379211
1,0.03541899099946022,0.5403892397880554,0.036696553230285645,0.6209982633590698
2,0.03528031334280968,0.5401996970176697,0.037856657058000565,0.6203672885894775
3,0.03591460362076759,0.5398812890052795,0.037900980561971664,0.6171211004257202
4,0.03516559675335884,0.5403165817260742,0.036463815718889236,0.6214965581893921
5,0.035635806620121,0.5399084091186523,0.041332345455884933,0.6125510931015015
6,0.03526795655488968,0.5391502380371094,0.03487934172153473,0.6126203536987305
7,0.035254571586847305,0.5394787788391113,0.03654858097434044,0.6145102977752686
8,0.03503049910068512,0.5408700704574585,0.033845581114292145,0.6229294538497925
9,0.035425618290901184,0.5403115153312683,0.03323028236627579,0.6194798350334167
0,0.03307430446147919,0.5556538105010986,0.03326062113046646,0.632766842842102
1,0.033013492822647095,0.5578120946884155,0.031724341213703156,0.6340818405151367
2,0.03314406797289848,0.5565263628959656,0.032362986356019974,0.6336764097213745
3,0.03314722701907158,0.5579308867454529,0.03357614949345589,0.6312144994735718
4,0.03316831961274147,0.5586416721343994,0.034260235726833344,0.634006679058075
5,0.03266153112053871,0.559222936630249,0.03241338953375816,0.6347864866256714
6,0.03291618451476097,0.5605548024177551,0.03377731516957283,0.6325088739395142
7,0.032559435814619064,0.5599678754806519,0.03160494193434715,0.633658766746521
8,0.0326683446764946,0.561474084854126,0.037540361285209656,0.6318469643592834
9,0.03273053467273712,0.5611000657081604,0.03117188811302185,0.6339329481124878
10,0.032432034611701965,0.562256932258606,0.030632609501481056,0.6344562768936157
11,0.03215981647372246,0.5628792643547058,0.031155742704868317,0.6332798600196838
12,0.032380398362874985,0.5631616711616516,0.03205283731222153,0.6339211463928223
0,0.03263344243168831,0.5625332593917847,0.032413050532341,0.6351760029792786
1,0.032381534576416016,0.5634632706642151,0.03146148473024368,0.6337961554527283
2,0.033555157482624054,0.5618477463722229,0.032227952033281326,0.6351022720336914
3,0.03238752484321594,0.5632206797599792,0.03192674368619919,0.6335322260856628
4,0.0322076715528965,0.5648191571235657,0.034187477082014084,0.6335926651954651
5,0.03243529051542282,0.5641854405403137,0.02979324385523796,0.6353086233139038
6,0.03199273347854614,0.5664252042770386,0.03291654586791992,0.6342251300811768
7,0.03250846266746521,0.565993070602417,0.032522883266210556,0.6359204649925232
8,0.03274472802877426,0.5645158886909485,0.03143114224076271,0.6353691220283508
9,0.03175496309995651,0.5664233565330505,0.031629033386707306,0.6337754726409912
10,0.03207697719335556,0.5676307082176208,0.031216586008667946,0.6355592608451843
11,0.03233259171247482,0.5659652948379517,0.031852561980485916,0.6337298154830933
12,0.032059602439403534,0.5661087036132812,0.032407257705926895,0.6323278546333313
13,0.03229185938835144,0.5668883323669434,0.02980225160717964,0.637275218963623
14,0.03193724900484085,0.5679624080657959,0.031570710241794586,0.6336929202079773
15,0.032425407320261,0.5665673613548279,0.03098929300904274,0.6352909803390503
16,0.031639620661735535,0.5687951445579529,0.029664499685168266,0.6359395980834961
17,0.032418034970760345,0.5695154070854187,0.03047889843583107,0.635955810546875
18,0.03188977763056755,0.5685632824897766,0.03261685371398926,0.6356285214424133
19,0.03170241788029671,0.5690693855285645,0.03198150545358658,0.635299801826477
0,0.031466130167245865,0.5686606168746948,0.030501317232847214,0.6372619271278381
1,0.031763460487127304,0.5690889358520508,0.031023893505334854,0.6304379105567932
2,0.031920451670885086,0.5692462921142578,0.031232113018631935,0.636701762676239
3,0.031456414610147476,0.5698534846305847,0.03187304735183716,0.6364083886146545
4,0.03158498927950859,0.5705724358558655,0.03288868069648743,0.6355754733085632
5,0.03166475519537926,0.5700088739395142,0.031044570729136467,0.6364024877548218
6,0.031638748943805695,0.570228099822998,0.03218249976634979,0.6367504000663757
7,0.03150351718068123,0.5706508159637451,0.029422488063573837,0.6370231509208679
8,0.031834349036216736,0.5697580575942993,0.02933470904827118,0.6349371671676636
9,0.031533293426036835,0.5695002675056458,0.030202917754650116,0.6359705924987793
10,0.031450606882572174,0.5707898139953613,0.035903651267290115,0.6323219537734985
11,0.031506139785051346,0.5707682967185974,0.03107813559472561,0.6353956460952759
12,0.031159792095422745,0.5721842050552368,0.032358795404434204,0.6361754536628723
13,0.03139270469546318,0.5717577338218689,0.03050910495221615,0.635992705821991
14,0.03127395361661911,0.5716724395751953,0.030339013785123825,0.6375434994697571
15,0.031155260279774666,0.5712819695472717,0.031227001920342445,0.6368256211280823
16,0.03122098557651043,0.5724400877952576,0.030351299792528152,0.638239324092865
17,0.030896881595253944,0.5725948810577393,0.030369756743311882,0.6369509100914001
18,0.03205051273107529,0.5706287026405334,0.032268449664115906,0.6382290124893188
19,0.03104260191321373,0.571753978729248,0.03146614506840706,0.6375081539154053
20,0.031109195202589035,0.5725923776626587,0.0310435201972723,0.6381597518920898
21,0.031072482466697693,0.5732665061950684,0.0308124590665102,0.6361032128334045
22,0.030853204429149628,0.5733391642570496,0.03157107159495354,0.6371484398841858
23,0.03149770200252533,0.5731464624404907,0.03093069978058338,0.638332188129425
24,0.030942386016249657,0.572213888168335,0.031799495220184326,0.6386049389839172
25,0.030839603394269943,0.5738604068756104,0.030628997832536697,0.6363405585289001
26,0.031186556443572044,0.5730295777320862,0.031205618754029274,0.6367356777191162
27,0.03143908828496933,0.5716838240623474,0.030703093856573105,0.6380904316902161
28,0.030976150184869766,0.5734655261039734,0.03085167147219181,0.6366722583770752
29,0.030819855630397797,0.5738016963005066,0.03035343438386917,0.6331179738044739
30,0.03104328364133835,0.5738800168037415,0.030527295544743538,0.6391164660453796
31,0.03084331378340721,0.5736740231513977,0.03223705291748047,0.6373872756958008
32,0.030803069472312927,0.5742862820625305,0.030014552175998688,0.6376909613609314
33,0.03103012591600418,0.5737833380699158,0.031837623566389084,0.6377395987510681
34,0.03137097880244255,0.5715315341949463,0.03225426748394966,0.6344521641731262
35,0.031319305300712585,0.5725765824317932,0.03211868181824684,0.6280718445777893
36,0.03126461058855057,0.5715208053588867,0.03007018379867077,0.6364275813102722
37,0.031013671308755875,0.5735331177711487,0.031131349503993988,0.6369391083717346
38,0.031131450086832047,0.5735710263252258,0.030679363757371902,0.6346806287765503
0,0.031388334929943085,0.5698926448822021,0.031027918681502342,0.632966160774231
1,0.03169618174433708,0.5701390504837036,0.03230632469058037,0.6365278363227844
2,0.03148933872580528,0.5702148675918579,0.031482066959142685,0.6373091340065002
3,0.031638696789741516,0.5709003806114197,0.03240611404180527,0.6374388337135315
4,0.03210194781422615,0.5695337653160095,0.033374618738889694,0.6365926861763
5,0.03133678063750267,0.5713546276092529,0.030943458899855614,0.637357771396637
6,0.031689099967479706,0.5701801180839539,0.030662862583994865,0.6373327374458313
7,0.03179476410150528,0.5705023407936096,0.03206779435276985,0.6380196809768677
8,0.03171713650226593,0.5702610015869141,0.029738085344433784,0.6382201910018921
9,0.031406719237565994,0.5714715123176575,0.03031526319682598,0.6378486752510071
10,0.03177497163414955,0.57164466381073,0.0322192907333374,0.6381214261054993
11,0.031175673007965088,0.5719258189201355,0.030380992218852043,0.6371764540672302
12,0.03125898540019989,0.5722480416297913,0.03322145342826843,0.6373798847198486
13,0.03099226765334606,0.5732216835021973,0.03254944831132889,0.634729266166687
14,0.03143793344497681,0.5710785388946533,0.030001496896147728,0.6358334422111511
15,0.031440578401088715,0.5708706974983215,0.030317367985844612,0.636284589767456
16,0.03116876818239689,0.5724565386772156,0.032125335186719894,0.6375641822814941
17,0.031000802293419838,0.5727604627609253,0.03209555149078369,0.6376437544822693
18,0.03144530579447746,0.5715820789337158,0.03027517907321453,0.6378766894340515
19,0.031138736754655838,0.5738598108291626,0.03135257586836815,0.6387376189231873
0,0.03169608488678932,0.5701528191566467,0.03166386857628822,0.6345881819725037
1,0.0317772775888443,0.5696442127227783,0.029863078147172928,0.6373345851898193
2,0.03184039890766144,0.5699095726013184,0.03196828439831734,0.6361994743347168
3,0.03147105500102043,0.571011483669281,0.032167017459869385,0.6358780860900879
4,0.031649280339479446,0.5713691115379333,0.031380824744701385,0.6355950236320496
5,0.03184794262051582,0.5706595778465271,0.03321889787912369,0.6344510912895203
6,0.03178929537534714,0.5702299475669861,0.03457966074347496,0.6346736550331116
7,0.03149182349443436,0.5712698698043823,0.03137950226664543,0.6359488368034363
8,0.03166114538908005,0.5711321830749512,0.030047396197915077,0.6363571882247925
9,0.03140709176659584,0.5719212889671326,0.028790270909667015,0.6379139423370361
10,0.0315411202609539,0.5714702010154724,0.03153667598962784,0.6370235681533813
11,0.03150394931435585,0.5711801648139954,0.031659550964832306,0.6374392509460449
12,0.03138825669884682,0.5719137191772461,0.03039032220840454,0.6368834972381592
13,0.03187520056962967,0.5716186761856079,0.03131907433271408,0.6374009251594543
14,0.031745899468660355,0.5704934000968933,0.02951071783900261,0.6356289386749268
15,0.031386084854602814,0.5724539160728455,0.03185238689184189,0.6352294683456421
16,0.031134914606809616,0.5726807117462158,0.03181024268269539,0.6354697346687317
17,0.031904131174087524,0.5711561441421509,0.030451416969299316,0.6354343295097351
18,0.03121514618396759,0.5714423656463623,0.030447928234934807,0.6363085508346558
19,0.031492263078689575,0.5725632309913635,0.029757441952824593,0.6354948282241821
0,0.031278591603040695,0.5730541348457336,0.029321182519197464,0.6368245482444763
1,0.031322844326496124,0.5725878477096558,0.03207648545503616,0.6302452087402344
2,0.03098198212683201,0.5734155178070068,0.032137371599674225,0.6369439363479614
