epoch,loss,mTA,val_loss,val_mTA
0,0.11046579480171204,0.5050916075706482,0.05856512859463692,0.574774444103241
0,0.06742499768733978,0.5104050040245056,0.05405205488204956,0.5872398018836975
1,0.05956564098596573,0.5128092765808105,0.04902808368206024,0.5919782519340515
2,0.05479835346341133,0.5148085355758667,0.042200203984975815,0.588143527507782
3,0.05155356973409653,0.5168153643608093,0.04294024035334587,0.5854617357254028
4,0.04964728653430939,0.5171578526496887,0.03883923962712288,0.5908828377723694
5,0.04824310541152954,0.5183470249176025,0.04030176252126694,0.5925841927528381
6,0.04729420691728592,0.5195450782775879,0.038949646055698395,0.593120813369751
7,0.04615230858325958,0.5191981792449951,0.03711617365479469,0.5916391611099243
8,0.04546916112303734,0.5207291841506958,0.03687059134244919,0.5912543535232544
9,0.04480908066034317,0.5212852358818054,0.03868742659687996,0.5910081267356873
10,0.04408937320113182,0.5215727090835571,0.03595202416181564,0.592059314250946
11,0.04335930198431015,0.5232338905334473,0.03577176854014397,0.5930294394493103
12,0.04276282340288162,0.5234449505805969,0.03619033470749855,0.5911821126937866
13,0.042607732117176056,0.523578941822052,0.03601483628153801,0.5919384360313416
14,0.042122162878513336,0.5244433283805847,0.034615978598594666,0.5904803276062012
15,0.04144105687737465,0.5245646238327026,0.03458818048238754,0.591727614402771
16,0.04121687263250351,0.524946928024292,0.034889936447143555,0.5921227335929871
17,0.039060838520526886,0.5254043936729431,0.03533893823623657,0.594269335269928
18,0.037245672196149826,0.5259010195732117,0.032203130424022675,0.5874373316764832
19,0.034843213856220245,0.5258883833885193,0.03193378448486328,0.5863861441612244
0,0.03262948989868164,0.5279413461685181,0.02970317378640175,0.5825042724609375
1,0.03017401322722435,0.5288196802139282,0.026022307574748993,0.582107663154602
2,0.02858644165098667,0.5289530158042908,0.02317405864596367,0.5766586065292358
3,0.027327580377459526,0.5303500294685364,0.02342655509710312,0.5767146348953247
4,0.02633417770266533,0.5306767225265503,0.026232857257127762,0.5753390789031982
5,0.025492476299405098,0.5311582088470459,0.023152301087975502,0.5777570009231567
6,0.02485601231455803,0.5312182307243347,0.022610221058130264,0.5844990015029907
7,0.024488035589456558,0.5312801599502563,0.02132740616798401,0.5819233655929565
8,0.02382167987525463,0.5320864319801331,0.02213618904352188,0.5819587707519531
9,0.02333323284983635,0.5328724980354309,0.02103816159069538,0.5828065276145935
10,0.022929301485419273,0.5326658487319946,0.021344339475035667,0.5787138342857361
11,0.022574957460165024,0.5333943963050842,0.020288489758968353,0.5793684124946594
12,0.022005561739206314,0.5336117744445801,0.02084255777299404,0.5815474390983582
13,0.021754834800958633,0.5338619947433472,0.02029779739677906,0.5810417532920837
14,0.021498285233974457,0.5344521403312683,0.020873600617051125,0.5886713266372681
15,0.021072350442409515,0.5349829196929932,0.020544065162539482,0.5911393761634827
16,0.02095026895403862,0.5347838997840881,0.02013077400624752,0.5955858826637268
17,0.020742733031511307,0.5352811813354492,0.018537867814302444,0.5898699760437012
18,0.02024795301258564,0.5361544489860535,0.020372923463582993,0.5855000615119934
19,0.020075364038348198,0.5361537933349609,0.02034110203385353,0.5902680158615112
20,0.019793236628174782,0.53590989112854,0.020072849467396736,0.5872102975845337
21,0.019732244312763214,0.5361626148223877,0.01984146609902382,0.588949978351593
22,0.019433973357081413,0.5366371870040894,0.018299805000424385,0.5912823677062988
23,0.01910410262644291,0.5370194911956787,0.019218942150473595,0.5903255343437195
24,0.019178668037056923,0.5372399687767029,0.018531013280153275,0.5912204384803772
25,0.01865800842642784,0.5376184582710266,0.017316490411758423,0.5876673460006714
26,0.018360717222094536,0.537921130657196,0.018380211666226387,0.5929070711135864
27,0.01823812536895275,0.5381523966789246,0.017992297187447548,0.5891416668891907
28,0.017969803884625435,0.5381391644477844,0.02117583155632019,0.5880285501480103
29,0.017679667100310326,0.5382415056228638,0.019706252962350845,0.5866795182228088
30,0.0172423068434,0.5398951172828674,0.017403388395905495,0.5887612700462341
31,0.016942167654633522,0.5389890074729919,0.017348675057291985,0.5895766019821167
32,0.016668327152729034,0.5398685932159424,0.017815249040722847,0.5872884392738342
33,0.016278011724352837,0.5394629240036011,0.024122042581439018,0.5838503241539001
34,0.01609630137681961,0.5402211546897888,0.016684405505657196,0.5930294394493103
35,0.015493604354560375,0.5406672358512878,0.017158163711428642,0.5879002809524536
36,0.015152539126574993,0.5406198501586914,0.01757671684026718,0.5910155177116394
37,0.014955354854464531,0.5411443114280701,0.016312887892127037,0.5846272706985474
38,0.014528929255902767,0.5419613122940063,0.015428989194333553,0.5889779925346375
39,0.01454486045986414,0.542485773563385,0.01474795863032341,0.591900110244751
40,0.014201869256794453,0.5431732535362244,0.015192119404673576,0.5886241793632507
41,0.014014135114848614,0.5422027111053467,0.016019193455576897,0.59131920337677
42,0.013987913727760315,0.5433583855628967,0.015744231641292572,0.5869331359863281
43,0.013711277395486832,0.5428364872932434,0.014339079149067402,0.5877823233604431
44,0.013579016551375389,0.5431075692176819,0.01315837912261486,0.5875316858291626
45,0.013311034068465233,0.5429628491401672,0.014918147586286068,0.5864598751068115
46,0.013401211239397526,0.5439498424530029,0.013485521078109741,0.5899156928062439
47,0.01331375539302826,0.5438234806060791,0.013802220113575459,0.5892669558525085
48,0.01321909949183464,0.5447813868522644,0.014323336072266102,0.5931636095046997
49,0.012949077412486076,0.5438379645347595,0.013126621022820473,0.5942796468734741
0,0.012862293049693108,0.5448774099349976,0.01644221320748329,0.5934953093528748
1,0.012843686155974865,0.5445488691329956,0.012774109840393066,0.5923969745635986
2,0.012648757547140121,0.544948160648346,0.01215628907084465,0.5953721404075623
3,0.012815969996154308,0.5451124906539917,0.013088654726743698,0.5951657295227051
4,0.012603331357240677,0.5451554656028748,0.012439927086234093,0.5972430109977722
5,0.01244034431874752,0.5460425615310669,0.014623969793319702,0.5943607091903687
6,0.012648914940655231,0.5456761121749878,0.01211548876017332,0.5959692001342773
7,0.012428607791662216,0.5450114011764526,0.01202454324811697,0.5908739566802979
8,0.012360366992652416,0.5459307432174683,0.0124751515686512,0.5946025252342224
9,0.012129075825214386,0.5459591746330261,0.013966572470963001,0.5938801169395447
10,0.012035490944981575,0.5456445217132568,0.013372547924518585,0.592035710811615
11,0.012117832899093628,0.546357274055481,0.012822411023080349,0.591684877872467
12,0.011915966868400574,0.5469954609870911,0.012989564798772335,0.5910184383392334
13,0.011857264675199986,0.5469771027565002,0.012515203095972538,0.5900925993919373
14,0.011709252372384071,0.5478137135505676,0.011593391187489033,0.594879686832428
15,0.011896336451172829,0.5466403365135193,0.011655210517346859,0.5932284593582153
16,0.011788620613515377,0.5468589663505554,0.012782284989953041,0.596638560295105
17,0.011622274294495583,0.5475471019744873,0.012166161090135574,0.5921595692634583
18,0.01150927972048521,0.5478996634483337,0.012882114388048649,0.5939773917198181
19,0.012000896967947483,0.5478882789611816,0.011933881789445877,0.5936456918716431
20,0.011474795639514923,0.5483236312866211,0.012491335161030293,0.5957112312316895
21,0.011419220827519894,0.548426628112793,0.011997370049357414,0.5944433212280273
22,0.011402660049498081,0.5485163927078247,0.02251359634101391,0.5913988351821899
23,0.011362399905920029,0.5482250452041626,0.011999945156276226,0.5935056209564209
24,0.011243248358368874,0.5486490726470947,0.011641474440693855,0.5945597887039185
25,0.011375445872545242,0.5481802225112915,0.011871608905494213,0.5957480669021606
26,0.011259861290454865,0.5490705370903015,0.011448085308074951,0.5958276987075806
27,0.011456528678536415,0.5485852360725403,0.012567021884024143,0.5940938591957092
28,0.011071828193962574,0.5481985211372375,0.01176953874528408,0.5944536328315735
29,0.01109110563993454,0.5487621426582336,0.011319451034069061,0.5931621193885803
30,0.011058232747018337,0.5495501160621643,0.01064159907400608,0.5954974293708801
31,0.010983683168888092,0.5492329001426697,0.012387446127831936,0.5945597887039185
32,0.010954227298498154,0.5498685836791992,0.012955312617123127,0.5895883440971375
33,0.0108420941978693,0.5498129725456238,0.01251665223389864,0.5956124067306519
34,0.010844295844435692,0.5499298572540283,0.011537501588463783,0.5907000303268433
35,0.01074893306940794,0.5498022437095642,0.011695565655827522,0.5923910737037659
36,0.010761437006294727,0.5503652095794678,0.012332399375736713,0.5930736660957336
37,0.010594407096505165,0.5506160855293274,0.012323465198278427,0.5971928834915161
38,0.010658500716090202,0.550552248954773,0.01303162146359682,0.5940393209457397
39,0.010534487664699554,0.550727903842926,0.011274048127233982,0.6013327836990356
40,0.010602837428450584,0.5510665774345398,0.011189956218004227,0.5948000550270081
41,0.010549170896410942,0.5513332486152649,0.013751991093158722,0.5972179770469666
42,0.010761246085166931,0.5512428879737854,0.013101492077112198,0.5972990393638611
43,0.010527536273002625,0.5514880418777466,0.01135687530040741,0.5995547771453857
44,0.010375592857599258,0.551371157169342,0.011516062542796135,0.5984504818916321
45,0.010572165250778198,0.5513483881950378,0.011611193418502808,0.5953868627548218
46,0.010437218472361565,0.5512277483940125,0.011905713938176632,0.5920386910438538
47,0.010430769063532352,0.5513111352920532,0.010978862643241882,0.595646321773529
48,0.010307395830750465,0.5523297190666199,0.012454647570848465,0.5973830819129944
49,0.010217470116913319,0.5523625612258911,0.009919117204844952,0.5978313088417053
50,0.010273506864905357,0.5526102781295776,0.013360759243369102,0.5992200970649719
51,0.01030664797872305,0.5520851612091064,0.01271264161914587,0.5991655588150024
52,0.010146369226276875,0.5525116920471191,0.011174897663295269,0.6007445454597473
53,0.010073194280266762,0.5526633262634277,0.012842071242630482,0.6012959480285645
54,0.010165916755795479,0.5529192686080933,0.01729159988462925,0.6033068895339966
55,0.0101535115391016,0.5529325008392334,0.011887031607329845,0.6035413146018982
56,0.010108618065714836,0.5531688332557678,0.010332220233976841,0.5988839268684387
57,0.009909250773489475,0.5532630085945129,0.013121560215950012,0.5959662795066833
58,0.010007054544985294,0.5536243915557861,0.012179761193692684,0.5894350409507751
59,0.009906581602990627,0.5531581044197083,0.009839718230068684,0.6012605428695679
60,0.009845689870417118,0.5537400245666504,0.012544927187263966,0.5962463617324829
61,0.009940067306160927,0.5538569688796997,0.011400589719414711,0.5997405052185059
62,0.009787770919501781,0.5533337593078613,0.013392128050327301,0.5957996845245361
63,0.009772572666406631,0.5551554560661316,0.011487268842756748,0.5995075702667236
64,0.009823872707784176,0.5544117093086243,0.010968193411827087,0.5994898676872253
65,0.00974762812256813,0.5539877414703369,0.01674298197031021,0.5974096059799194
66,0.009667149744927883,0.5550069212913513,0.010084490291774273,0.5978475213050842
67,0.009661161340773106,0.55464106798172,0.01045258529484272,0.5963967442512512
68,0.009624499827623367,0.5547150373458862,0.011457572691142559,0.597726583480835
69,0.009556950069963932,0.5552957057952881,0.011319017969071865,0.5951568484306335
70,0.009652894921600819,0.5555225610733032,0.010105740278959274,0.5995340943336487
71,0.009592360816895962,0.5552306175231934,0.012105077505111694,0.5974273085594177
72,0.009648981504142284,0.5552830696105957,0.010801347903907299,0.5980273485183716
73,0.009489350020885468,0.5554757714271545,0.011080623604357243,0.5967786312103271
74,0.009548353962600231,0.5555971264839172,0.0101571474224329,0.6000427603721619
75,0.00944493804126978,0.5559907555580139,0.010972428135573864,0.6074762344360352
76,0.00937778688967228,0.5563446283340454,0.011791236698627472,0.6019741296768188
77,0.009342845529317856,0.5563907623291016,0.012624804861843586,0.600965678691864
78,0.009458345361053944,0.5563844442367554,0.010769655928015709,0.6009700894355774
79,0.009304366074502468,0.5563837885856628,0.012042757123708725,0.5965176820755005
80,0.009277288801968098,0.5567313432693481,0.009971316903829575,0.6008934378623962
81,0.009263060986995697,0.557030200958252,0.013659418560564518,0.6006958484649658
82,0.009387700818479061,0.5566194653511047,0.011985576711595058,0.6004083752632141
83,0.009288502857089043,0.5570371747016907,0.014340576715767384,0.6027127504348755
84,0.009065902791917324,0.5572437644004822,0.009914640337228775,0.595221757888794
85,0.009092574939131737,0.5566005110740662,0.010471303015947342,0.599854052066803
86,0.009072341024875641,0.5574788451194763,0.010553182102739811,0.5980052351951599
87,0.009092154912650585,0.5578055381774902,0.022192610427737236,0.59687739610672
88,0.009489883668720722,0.557131290435791,0.010716361925005913,0.5948118567466736
89,0.009008591063320637,0.5568027496337891,0.009984027594327927,0.6023353338241577
0,0.009765361435711384,0.5533899664878845,0.012402772903442383,0.5973211526870728
1,0.00982476957142353,0.5536414980888367,0.01232177671045065,0.5940142869949341
2,0.009770487435162067,0.5541362166404724,0.010718172416090965,0.5997921228408813
3,0.009734947234392166,0.5539947152137756,0.010551699437201023,0.5986259579658508
4,0.00961956288665533,0.554485023021698,0.010221132077276707,0.6020286679267883
5,0.00964993517845869,0.5551080703735352,0.010787928476929665,0.5965972542762756
6,0.009709242731332779,0.5545778870582581,0.011149821802973747,0.6006221771240234
7,0.009701709263026714,0.55425626039505,0.010861381888389587,0.5994294285774231
8,0.009563718922436237,0.5541608929634094,0.010826955549418926,0.5988264679908752
9,0.00969516858458519,0.554750382900238,0.013103777542710304,0.598941445350647
10,0.009605329483747482,0.5551870465278625,0.012578529305756092,0.5999380946159363
11,0.00948291178792715,0.5554460883140564,0.0105125168338418,0.6026759147644043
0,0.009929697029292583,0.5530551075935364,0.012819398194551468,0.5941380858421326
0,0.009957248345017433,0.5539612174034119,0.011113817803561687,0.5954281687736511
1,0.01019313745200634,0.5529319047927856,0.014192861504852772,0.6028085947036743
2,0.009854349307715893,0.5533286929130554,0.013182099908590317,0.5909343957901001
3,0.009728114120662212,0.5545406341552734,0.012393694370985031,0.598294198513031
4,0.009659088216722012,0.5544009804725647,0.010129272937774658,0.5919797420501709
5,0.009655972942709923,0.554682195186615,0.025882912799715996,0.5920401811599731
6,0.00966936070472002,0.5541640520095825,0.010788436979055405,0.5920785069465637
7,0.009573962539434433,0.5556546449661255,0.01298335287719965,0.5939700603485107
8,0.009537482634186745,0.554673969745636,0.012428601272404194,0.5891932249069214
9,0.009439636021852493,0.5553860664367676,0.011993149295449257,0.5974406003952026
10,0.009446370415389538,0.5546985864639282,0.018170271068811417,0.5938491225242615
11,0.009568708017468452,0.5553727746009827,0.01886814646422863,0.5968272686004639
12,0.009403690695762634,0.5557929873466492,0.012062177062034607,0.6001135110855103
13,0.009468965232372284,0.5558719635009766,0.012659584172070026,0.5920696258544922
14,0.009458920918405056,0.5552780032157898,0.011385262943804264,0.5972681045532227
0,0.010056541301310062,0.5541216731071472,0.010903510265052319,0.5912852883338928
1,0.009779813699424267,0.5548142194747925,0.010886820033192635,0.5960105061531067
2,0.009878059849143028,0.5545734763145447,0.009905554354190826,0.5970247983932495
3,0.009759980253875256,0.5552729964256287,0.011971540749073029,0.5948708653450012
0,0.014760089106857777,0.5387141704559326,0.02593117766082287,0.5753228664398193
1,0.014339115470647812,0.5384917259216309,0.02156858891248703,0.5747891664505005
2,0.014310992322862148,0.5386016964912415,0.019807500764727592,0.574127197265625
3,0.014345470815896988,0.5394938588142395,0.03369349241256714,0.5827268958091736
4,0.013976190239191055,0.5392606854438782,0.02157708629965782,0.5769004225730896
5,0.013928445987403393,0.5399658679962158,0.030067075043916702,0.5705121755599976
6,0.013978277333080769,0.5411468744277954,0.023756034672260284,0.5707525014877319
7,0.013925068080425262,0.5402805805206299,0.019925853237509727,0.5757341980934143
8,0.013705790042877197,0.5406198501586914,0.02537449449300766,0.5742156505584717
9,0.013797445222735405,0.5404258966445923,0.029280735179781914,0.5742348432540894
10,0.013488451950252056,0.5412997603416443,0.028904154896736145,0.580452024936676
11,0.013317212462425232,0.5419240593910217,0.026476401835680008,0.5756354331970215
12,0.013559437356889248,0.541917085647583,0.02523241750895977,0.5730067491531372
13,0.013524848967790604,0.5414008498191833,0.019829394295811653,0.574124276638031
14,0.013379847630858421,0.5431846380233765,0.033288512378931046,0.5753685832023621
15,0.01345159113407135,0.5426633358001709,0.021530169993638992,0.5743955373764038
16,0.013174033723771572,0.5417717695236206,0.018408311530947685,0.5735315680503845
17,0.0131587665528059,0.542149007320404,0.02041230909526348,0.5754865407943726
18,0.012966614216566086,0.5423543453216553,0.024116335436701775,0.5778940916061401
19,0.013077111914753914,0.5430974364280701,0.025102445855736732,0.5733679533004761
0,0.012782169505953789,0.543022871017456,0.028556862846016884,0.5771893858909607
1,0.012908785603940487,0.543391227722168,0.018661217764019966,0.5774679780006409
2,0.012755356729030609,0.5429463982582092,0.02685358002781868,0.5753788948059082
3,0.012925785034894943,0.5433887243270874,0.02181471511721611,0.5742805600166321
4,0.012749087996780872,0.5441451072692871,0.04276350140571594,0.5768738389015198
5,0.012721423991024494,0.5435050129890442,0.02132185362279415,0.5773839950561523
6,0.012670607306063175,0.5438721179962158,0.029598822817206383,0.5758668780326843
7,0.012586336582899094,0.5442057251930237,0.03156205639243126,0.5822433233261108
8,0.012888746336102486,0.544677734375,0.022050052881240845,0.5793079733848572
9,0.012799509800970554,0.543326199054718,0.025397254154086113,0.5743866562843323
10,0.012521738186478615,0.5448275208473206,0.017253601923584938,0.5777555108070374
11,0.01236296258866787,0.5447927713394165,0.0200112946331501,0.5776994824409485
12,0.012427074834704399,0.5451686978340149,0.0314268060028553,0.5749351382255554
13,0.012380165047943592,0.5453551411628723,0.02373788319528103,0.5795600414276123
14,0.012692316435277462,0.5450606346130371,0.023819275200366974,0.5783702731132507
15,0.012286903336644173,0.5447725057601929,0.018962793052196503,0.5804328322410583
16,0.012134360149502754,0.5449456572532654,0.01996840536594391,0.5755218863487244
0,0.012761383317410946,0.5448142290115356,0.025205282494425774,0.5759804248809814
0,0.006943437270820141,0.5893757343292236,0.006306970026344061,0.6313101053237915
1,0.00613758759573102,0.5963768362998962,0.005916859023272991,0.6361222267150879
2,0.005748903378844261,0.5982629656791687,0.006088529713451862,0.6356062293052673
3,0.005654438864439726,0.6005743741989136,0.005710518918931484,0.6361016035079956
4,0.0055433353409171104,0.6016952991485596,0.006492699030786753,0.6354912519454956
5,0.005458879750221968,0.6019707918167114,0.005701448768377304,0.6385327577590942
6,0.005435175262391567,0.60257488489151,0.005385321564972401,0.6419325470924377
7,0.005313991568982601,0.6035656332969666,0.005411828868091106,0.6416140794754028
8,0.0052964757196605206,0.603316068649292,0.005552913993597031,0.6427183747291565
9,0.005385465919971466,0.6037387847900391,0.004908980801701546,0.6389942169189453
10,0.005248068366199732,0.6043403148651123,0.005487039685249329,0.6397638320922852
11,0.005246310494840145,0.604224681854248,0.00526869622990489,0.6402872204780579
12,0.005140373017638922,0.6046290993690491,0.005483819637447596,0.6404744386672974
13,0.005069315433502197,0.6049014329910278,0.004937650635838509,0.642404317855835
14,0.005033537745475769,0.6057873368263245,0.0055151889100670815,0.6436678171157837
15,0.004992300178855658,0.606020450592041,0.0052478802390396595,0.64199298620224
16,0.004977856297045946,0.6066365242004395,0.005400093272328377,0.6427611112594604
17,0.0049852002412080765,0.6064192056655884,0.005454074591398239,0.6424338221549988
18,0.0049417829141020775,0.6064324378967285,0.004990555811673403,0.6420814394950867
19,0.004923095460981131,0.6062751412391663,0.00493974843993783,0.6393628120422363
0,0.004882706794887781,0.6074996590614319,0.005186874885112047,0.643144428730011
1,0.004816015716642141,0.607880711555481,0.0049920943565666676,0.6412484645843506
2,0.004820076748728752,0.6078358292579651,0.005004714708775282,0.6416406035423279
3,0.00522479647770524,0.6071451902389526,0.005057824309915304,0.6402459144592285
4,0.004885573405772448,0.6072677969932556,0.005160968285053968,0.6384944319725037
5,0.00477515859529376,0.6084348559379578,0.00501085352152586,0.6390708684921265
6,0.004751247353851795,0.6085473299026489,0.0052137128077447414,0.643473207950592
7,0.004784309770911932,0.6091836094856262,0.005400942172855139,0.6430441737174988
8,0.004767249338328838,0.6089915037155151,0.004997805692255497,0.6399215459823608
9,0.004725833889096975,0.6085403561592102,0.005153272300958633,0.6415521502494812
10,0.004674239549785852,0.6101927161216736,0.004895468708127737,0.6402149796485901
11,0.004671925213187933,0.6097977757453918,0.0051061054691672325,0.6421934962272644
12,0.004625518340617418,0.6091609001159668,0.005052510648965836,0.6419988870620728
13,0.004671281669288874,0.6095501184463501,0.0051158941350877285,0.640104353427887
14,0.004619562067091465,0.6103121638298035,0.005321054253727198,0.6383175253868103
15,0.004592139273881912,0.6109256744384766,0.005201770458370447,0.6412071585655212
16,0.004616214893758297,0.6100454926490784,0.005070483312010765,0.640934407711029
17,0.0045821345411241055,0.610495388507843,0.004946498665958643,0.6432712078094482
18,0.004606408067047596,0.6098963618278503,0.004880600143224001,0.6417364478111267
19,0.004590943921357393,0.6103538274765015,0.005183717701584101,0.6395367980003357
20,0.004581169690936804,0.6105130910873413,0.0048746950924396515,0.6381081342697144
21,0.004604976624250412,0.6105870008468628,0.005248508881777525,0.6418544054031372
22,0.004586892668157816,0.6109737157821655,0.004560390487313271,0.6402090787887573
23,0.004531607031822205,0.6110267639160156,0.005028950050473213,0.640038013458252
24,0.004488237667828798,0.6111329197883606,0.004878171253949404,0.6403490900993347
25,0.004489788319915533,0.6111664175987244,0.005053236614912748,0.6395751237869263
26,0.004428657703101635,0.6125401258468628,0.004928934387862682,0.6441027522087097
27,0.004427703563123941,0.6115562915802002,0.005593187641352415,0.6401500701904297
28,0.004483014345169067,0.611786961555481,0.004971824586391449,0.643887460231781
29,0.004414123948663473,0.6127973198890686,0.005176503676921129,0.639384925365448
30,0.0044649322517216206,0.6113420724868774,0.005168539937585592,0.6397785544395447
31,0.0044397455640137196,0.6116650104522705,0.0050401329062879086,0.6389411687850952
32,0.004442358855158091,0.6112782955169678,0.00477217324078083,0.6405053734779358
33,0.004393815994262695,0.6125755310058594,0.004916587844491005,0.6401987671852112
34,0.004462564829736948,0.6120940446853638,0.005161074455827475,0.6387199759483337
35,0.004390908870846033,0.6123783588409424,0.005485120695084333,0.6436132788658142
36,0.00439870823174715,0.6125881671905518,0.006099388934671879,0.6382718086242676
37,0.004429573658853769,0.6122551560401917,0.005109548103064299,0.6391386985778809
38,0.004383433144539595,0.6121818423271179,0.00496643828228116,0.639992356300354
39,0.004324012901633978,0.612581193447113,0.004696303512901068,0.6444653868675232
40,0.004424734506756067,0.6122848391532898,0.0046667782589793205,0.6428274512290955
41,0.004349627066403627,0.6132301092147827,0.0048167891800403595,0.6435041427612305
42,0.004331400152295828,0.6131100654602051,0.005255165044218302,0.6406572461128235
43,0.0043473755940794945,0.6129723191261292,0.006381855346262455,0.6417408585548401
44,0.004320523701608181,0.6129893660545349,0.004776519723236561,0.6403815746307373
45,0.004309787880629301,0.6139510869979858,0.006302534136921167,0.6370540261268616
46,0.004345361143350601,0.6133881211280823,0.00505323288962245,0.6373754143714905
47,0.004306445829570293,0.6131410598754883,0.004826950840651989,0.640910804271698
48,0.004356213379651308,0.6125236749649048,0.004590412136167288,0.6403889060020447
49,0.004279480315744877,0.6138108372688293,0.004940034355968237,0.643791675567627
0,0.004327233415096998,0.6141874194145203,0.004881551023572683,0.6409358978271484
1,0.004299949388951063,0.6140263080596924,0.005336774047464132,0.6394040584564209
2,0.004262610338628292,0.6133097410202026,0.00446800934150815,0.6370805501937866
3,0.004265873692929745,0.6140907406806946,0.004735851660370827,0.6434687972068787
4,0.004336975049227476,0.6132932901382446,0.005043410696089268,0.642865777015686
5,0.004239758942276239,0.614063560962677,0.005058281123638153,0.6447234153747559
6,0.004336631391197443,0.6131448149681091,0.005574893206357956,0.6428583860397339
7,0.004299342166632414,0.6129621863365173,0.005051879212260246,0.6389145851135254
8,0.0042342389933764935,0.6143706440925598,0.004872633144259453,0.6452497243881226
9,0.004254437517374754,0.6143574118614197,0.004526912234723568,0.6413369178771973
10,0.004235865082591772,0.6140313148498535,0.005483617540448904,0.6424750685691833
11,0.004312456119805574,0.6140098571777344,0.004685468040406704,0.6388247013092041
12,0.004291714634746313,0.6136389374732971,0.00563513208180666,0.6443769335746765
13,0.004272429272532463,0.6144635677337646,0.0048475125804543495,0.6405820846557617
14,0.004221098497509956,0.6145052313804626,0.00583499064669013,0.6345933675765991
15,0.0042022462002933025,0.6152223944664001,0.004532726015895605,0.6449534296989441
16,0.00427290191873908,0.6146512031555176,0.004716554190963507,0.6423423886299133
17,0.004212293773889542,0.6134594678878784,0.00439917529001832,0.6449534296989441
18,0.004241412039846182,0.6146600246429443,0.004582164343446493,0.6446172595024109
19,0.004251058213412762,0.6142891645431519,0.005035250913351774,0.6412661671638489
20,0.004245913587510586,0.6142935752868652,0.004891876596957445,0.6437311768531799
21,0.0041856057941913605,0.6147327423095703,0.004837417509406805,0.6438860297203064
22,0.004160762298852205,0.6150493025779724,0.004689663182944059,0.6423571109771729
23,0.004174510482698679,0.6146872043609619,0.004754474386572838,0.6415683627128601
24,0.004155605100095272,0.6154650449752808,0.0045968471094965935,0.6431385278701782
25,0.004162694327533245,0.6151326894760132,0.004666422959417105,0.646014928817749
26,0.0042169345542788506,0.6150158047676086,0.0048451111651957035,0.6458409428596497
27,0.004184210207313299,0.6146966814994812,0.004772448446601629,0.64203280210495
28,0.004141479264944792,0.6146069765090942,0.0050287796184420586,0.644624650478363
29,0.004213585052639246,0.6152476668357849,0.004950329661369324,0.6432977318763733
30,0.004154607653617859,0.6160236597061157,0.005511351395398378,0.6401176452636719
31,0.004132547881454229,0.6149614453315735,0.004656137432903051,0.6432549953460693
32,0.0041082170791924,0.6156192421913147,0.004901818465441465,0.6450861096382141
33,0.004224800039082766,0.6144047975540161,0.0047927782870829105,0.644123375415802
34,0.004110302310436964,0.6151067614555359,0.004525560420006514,0.6464336514472961
35,0.0041596544906497,0.6149210333824158,0.004806919023394585,0.6459441781044006
36,0.004148557782173157,0.6150587797164917,0.005114192608743906,0.6445833444595337
37,0.004093185067176819,0.6158643960952759,0.005231866613030434,0.6429807543754578
38,0.004144784063100815,0.6152432560920715,0.006223897449672222,0.6402842402458191
39,0.00412734504789114,0.6152356863021851,0.004740605130791664,0.6473830938339233
40,0.004202248528599739,0.6153784990310669,0.00541547080501914,0.6426770687103271
41,0.004133294802159071,0.6160628199577332,0.004290782380849123,0.6463407278060913
42,0.004122006706893444,0.6152685284614563,0.005214019678533077,0.6399083137512207
43,0.004105204716324806,0.6164646744728088,0.004499100614339113,0.6468493938446045
44,0.004077971912920475,0.616278886795044,0.004928259644657373,0.6487659811973572
45,0.004094336647540331,0.6159667372703552,0.004978080280125141,0.643950879573822
46,0.00404160562902689,0.615416407585144,0.004933103919029236,0.644189715385437
47,0.00410861149430275,0.6159996390342712,0.004730741493403912,0.646014928817749
48,0.004072509706020355,0.6160116195678711,0.004841021727770567,0.640738308429718
49,0.004123525228351355,0.6155857443809509,0.004857965279370546,0.6491227746009827
50,0.004087935201823711,0.6158738732337952,0.0044922903180122375,0.6480376720428467
51,0.00404381426051259,0.6161772012710571,0.004737216979265213,0.6463481187820435
52,0.004111663904041052,0.616048276424408,0.00535182049497962,0.642706573009491
53,0.004054177086800337,0.6163060665130615,0.004842177499085665,0.6442059278488159
54,0.0040611750446259975,0.6159294843673706,0.00452656764537096,0.6488751173019409
55,0.004115723073482513,0.6155927181243896,0.004632766358554363,0.6408385634422302
56,0.004082811996340752,0.6160173416137695,0.004851581994444132,0.6465132236480713
57,0.004043277818709612,0.6162011623382568,0.005222417879849672,0.6475231647491455
58,0.004012539982795715,0.6168854832649231,0.0049463966861367226,0.6496284604072571
59,0.004002102185040712,0.617550253868103,0.005634202156215906,0.645818829536438
60,0.004106197040528059,0.6162833571434021,0.005576308351010084,0.6444978713989258
61,0.003980052191764116,0.6170321106910706,0.004830490797758102,0.6454355120658875
62,0.004064631182700396,0.6163010001182556,0.005057024769484997,0.6450743079185486
63,0.004059144761413336,0.616797685623169,0.004876264370977879,0.6391327977180481
64,0.004122218582779169,0.6162751317024231,0.004601940046995878,0.6369729042053223
65,0.004070810042321682,0.6167547106742859,0.0046913279220461845,0.6460208296775818
66,0.003969595767557621,0.6162738800048828,0.004732321947813034,0.6465781331062317
67,0.003995500970631838,0.6168545484542847,0.004501707386225462,0.6439818143844604
68,0.003994797822088003,0.6180380582809448,0.004572125151753426,0.6444771885871887
69,0.004039198160171509,0.616348385810852,0.005018386524170637,0.6478312611579895
70,0.0039788177236914635,0.6169954538345337,0.004489549435675144,0.6435749530792236
71,0.0039853304624557495,0.6163989901542664,0.005188011098653078,0.6476396322250366
0,0.004099683370441198,0.6158416271209717,0.004854727536439896,0.6449489593505859
1,0.004087093751877546,0.6157424449920654,0.005767738446593285,0.647991955280304
2,0.0040933662094175816,0.6157702803611755,0.004569406621158123,0.6409993171691895
3,0.004338313825428486,0.6142486929893494,0.00493949418887496,0.6492554545402527
4,0.0040864283218979836,0.6164684891700745,0.004430650733411312,0.6445745229721069
5,0.0041028475388884544,0.616492509841919,0.004495111759752035,0.6480435729026794
6,0.004046774934977293,0.6158530116081238,0.004184645134955645,0.6442074179649353
7,0.004102487117052078,0.615522563457489,0.004572929348796606,0.6490962505340576
8,0.004082151222974062,0.6163060665130615,0.004755029920488596,0.643409788608551
9,0.004097314551472664,0.616106390953064,0.005055859684944153,0.6393038034439087
10,0.004044259432703257,0.6165651679039001,0.004767400212585926,0.639491081237793
11,0.00410904036834836,0.6154435873031616,0.004922617692500353,0.647076427936554
12,0.004044532310217619,0.61661696434021,0.005092555657029152,0.6452954411506653
13,0.0040498534217476845,0.6164551973342896,0.004611173644661903,0.6441277861595154
14,0.004020486027002335,0.617260217666626,0.005385711323469877,0.6459323763847351
15,0.004119339864701033,0.6158865094184875,0.004415810573846102,0.6438919305801392
16,0.004110136069357395,0.6155497431755066,0.0041826460510492325,0.6487969756126404
17,0.004058682359755039,0.6161456108093262,0.004654920194298029,0.6478769779205322
18,0.004056047182530165,0.6163641810417175,0.004935200791805983,0.6480420827865601
19,0.0040190801955759525,0.6163976788520813,0.00493815029039979,0.6407943367958069
20,0.004014401230961084,0.6164090633392334,0.004552735947072506,0.6471796035766602
21,0.0040407730266451836,0.6164861917495728,0.006027632858604193,0.6453647613525391
22,0.004038174171000719,0.6159698963165283,0.005031974520534277,0.6463614106178284
23,0.004011914134025574,0.6167673468589783,0.0044893911108374596,0.6479934453964233
24,0.004059867933392525,0.615738034248352,0.00516454828903079,0.6430721879005432
25,0.0039953868836164474,0.6171268820762634,0.0049471487291157246,0.6412749886512756
26,0.0040684351697564125,0.6157392859458923,0.0045634969137609005,0.6465265154838562
27,0.004059419501572847,0.6155332922935486,0.0047472394071519375,0.6441248655319214
28,0.00395113043487072,0.6167736649513245,0.005289780907332897,0.6440319418907166
29,0.0040120999328792095,0.6176178455352783,0.0046041845344007015,0.6434599161148071
30,0.004009360447525978,0.6167629361152649,0.004986122250556946,0.6436250805854797
31,0.00399273494258523,0.6172400116920471,0.005962006747722626,0.6444462537765503
32,0.003996850922703743,0.6167060732841492,0.004649292677640915,0.6447838544845581
33,0.004003284033387899,0.6175129413604736,0.004712112247943878,0.6439493894577026
34,0.003991028293967247,0.6177069544792175,0.004545333329588175,0.6454797387123108
35,0.004026615060865879,0.6170744299888611,0.004930239170789719,0.6450536847114563
